x0,y0,z0,x1,y1,z1,x2,y2,z2,x3,y3,z3,x4,y4,z4,x5,y5,z5,x6,y6,z6,x7,y7,z7,x8,y8,z8,x9,y9,z9,x10,y10,z10,x11,y11,z11,x12,y12,z12,x13,y13,z13,x14,y14,z14,x15,y15,z15,x16,y16,z16,x17,y17,z17,x18,y18,z18,x19,y19,z19,x20,y20,z20,label,person_id,collector
0.3126646876335144,0.8673710823059082,6.990540413198687e-08,0.3680046796798706,0.815436601638794,-0.0316656120121479,0.4040762484073639,0.7321181893348694,-0.0526292659342289,0.4087769687175751,0.6588472723960876,-0.07495864480733871,0.3743235468864441,0.6158302426338196,-0.09650447964668274,0.37063533067703247,0.5986268520355225,-0.030174223706126213,0.38085129857063293,0.4866199493408203,-0.06400570273399353,0.3844766318798065,0.41609686613082886,-0.0842154324054718,0.3836187422275543,0.3543485701084137,-0.09716121107339859,0.32140058279037476,0.6071884632110596,-0.034206558018922806,0.34527158737182617,0.5674145817756653,-0.09283766150474548,0.3601222038269043,0.6593302488327026,-0.10701492428779602,0.36339569091796875,0.723321795463562,-0.10153467208147049,0.27676790952682495,0.6321848630905151,-0.041779182851314545,0.30599650740623474,0.6160595417022705,-0.09561359137296677,0.3262951076030731,0.7007201910018921,-0.08608745038509369,0.3321554362773895,0.7551220655441284,-0.06391803175210953,0.2365826517343521,0.6691796779632568,-0.05247445032000542,0.2677294909954071,0.6580640077590942,-0.08711297065019608,0.2925172448158264,0.7132557034492493,-0.07837147265672684,0.3015368580818176,0.749875545501709,-0.06130322068929672,point,RRQ_p2,RRQ
0.38364335894584656,0.9208321571350098,3.0483963087135635e-07,0.4463084936141968,0.8604671955108643,-0.01991649903357029,0.48730558156967163,0.7711607813835144,-0.033560555428266525,0.5097427368164062,0.6951136589050293,-0.05214012414216995,0.48339414596557617,0.6442564129829407,-0.0650845319032669,0.4500458538532257,0.6594308614730835,-0.001392174861393869,0.4676840901374817,0.5885008573532104,-0.052462924271821976,0.4746059775352478,0.6499058604240417,-0.08660966902971268,0.46928468346595764,0.7056825757026672,-0.09739603102207184,0.4053047001361847,0.6529160737991333,-0.013191364705562592,0.411931574344635,0.530765175819397,-0.05440913140773773,0.4129549264907837,0.4504028558731079,-0.08370615541934967,0.4067646265029907,0.3744244873523712,-0.09752417355775833,0.3609981834888458,0.677329421043396,-0.03115805611014366,0.37886157631874084,0.6449556946754456,-0.08023403584957123,0.4008413851261139,0.7102805376052856,-0.09008272737264633,0.40809786319732666,0.7558943033218384,-0.08088736981153488,0.32224494218826294,0.7207186222076416,-0.05066746100783348,0.34341055154800415,0.6886258125305176,-0.07682762295007706,0.37921208143234253,0.7332913875579834,-0.06662148982286453,0.40079912543296814,0.7759867906570435,-0.049670666456222534,point,RRQ_p2,RRQ
0.33033812046051025,0.9070229530334473,2.752285297447088e-07,0.3882381021976471,0.8568360209465027,-0.02173108607530594,0.42869141697883606,0.7740510106086731,-0.03547331318259239,0.44586288928985596,0.7066625356674194,-0.05306021869182587,0.4107922315597534,0.6664862632751465,-0.06449921429157257,0.3917475640773773,0.6488935351371765,-0.0038610699120908976,0.40387752652168274,0.5718246698379517,-0.048753805458545685,0.4089084267616272,0.6318719983100891,-0.07696669548749924,0.4049040973186493,0.6850671172142029,-0.08577518165111542,0.34641075134277344,0.6438007950782776,-0.012291695922613144,0.354665070772171,0.5474514365196228,-0.05072235316038132,0.3599744141101837,0.49254968762397766,-0.07517510652542114,0.3583091199398041,0.43641069531440735,-0.08593254536390305,0.30051255226135254,0.6697522401809692,-0.02680042013525963,0.30964937806129456,0.652559757232666,-0.07127315551042557,0.336214542388916,0.7219481468200684,-0.07738617807626724,0.35154789686203003,0.7656351923942566,-0.0677068755030632,0.26139944791793823,0.7152798771858215,-0.043330948799848557,0.2766583263874054,0.7108945846557617,-0.06891467422246933,0.30932193994522095,0.7593822479248047,-0.061972904950380325,0.33175456523895264,0.7939174175262451,-0.048336274921894073,point,RRQ_p2,RRQ
0.2961585223674774,0.9024047255516052,1.5968181799053127e-07,0.34760233759880066,0.8499025106430054,-0.028041601181030273,0.37934598326683044,0.7677314281463623,-0.04377133771777153,0.387716144323349,0.7022812366485596,-0.0613316185772419,0.350492000579834,0.6615279912948608,-0.07256588339805603,0.3473554253578186,0.6424899101257324,-0.013770545832812786,0.3491693437099457,0.5650532841682434,-0.05811154097318649,0.3524700403213501,0.6270620226860046,-0.08492590487003326,0.3485345244407654,0.6800408959388733,-0.09285307675600052,0.29807984828948975,0.641465961933136,-0.01880185306072235,0.27837836742401123,0.5441550016403198,-0.05782618746161461,0.2627086639404297,0.49478673934936523,-0.08309181034564972,0.24112994968891144,0.4427351951599121,-0.09427046030759811,0.25267213582992554,0.6742871403694153,-0.029335955157876015,0.2550541162490845,0.6664948463439941,-0.07596825808286667,0.28560692071914673,0.7328721880912781,-0.08395165950059891,0.3018474578857422,0.7702364325523376,-0.0749652162194252,0.2135491967201233,0.723818302154541,-0.041717324405908585,0.22431468963623047,0.7168099880218506,-0.06869739294052124,0.2579798102378845,0.7630029916763306,-0.0616006962954998,0.2813663184642792,0.7921499609947205,-0.04759973660111427,point,RRQ_p2,RRQ
0.6021831631660461,0.8694305419921875,-2.5820162363743293e-07,0.5419092774391174,0.83933025598526,-0.03114086389541626,0.49293380975723267,0.7420770525932312,-0.047078780829906464,0.4783424139022827,0.6513909697532654,-0.06330201774835587,0.4537919759750366,0.5756508111953735,-0.07853005826473236,0.5176229476928711,0.6081565022468567,-0.019902905449271202,0.5124970078468323,0.5186718702316284,-0.05596436187624931,0.5113952159881592,0.45661911368370056,-0.07702130824327469,0.5167773962020874,0.4030342400074005,-0.09049684554338455,0.5760362148284912,0.6076014041900635,-0.024939056485891342,0.5567635893821716,0.5518409013748169,-0.07879649102687836,0.5428529381752014,0.6649479866027832,-0.08319222182035446,0.5473870038986206,0.7251688838005066,-0.07078243046998978,0.631169855594635,0.6267109513282776,-0.03636588528752327,0.6107791662216187,0.5921109318733215,-0.08961530774831772,0.590471088886261,0.6919972896575928,-0.07085076719522476,0.5906930565834045,0.7384544014930725,-0.04272615909576416,0.6843113899230957,0.6608790159225464,-0.050800830125808716,0.6652576923370361,0.6224783062934875,-0.08371997624635696,0.6406495571136475,0.6855320334434509,-0.06867080181837082,0.6350241303443909,0.7203890681266785,-0.04837603494524956,point,RRQ_p2,RRQ
0.7004848718643188,0.8114592432975769,-9.789952315486516e-08,0.6376118659973145,0.7726162672042847,-0.04296937957406044,0.6011682748794556,0.6751719117164612,-0.06981810927391052,0.6041712760925293,0.585170328617096,-0.09564755856990814,0.6014959812164307,0.5039535760879517,-0.11910537630319595,0.6268037557601929,0.5281904935836792,-0.03957945108413696,0.6287792921066284,0.41515910625457764,-0.0870676040649414,0.6378210186958313,0.34313732385635376,-0.11466864496469498,0.6545389294624329,0.28175362944602966,-0.1311001479625702,0.6865636110305786,0.5402045249938965,-0.042555540800094604,0.6930651664733887,0.4706346094608307,-0.10897523909807205,0.6716636419296265,0.5831466317176819,-0.11696597933769226,0.6652829647064209,0.6380643844604492,-0.10475079715251923,0.7418732643127441,0.5683753490447998,-0.05269287899136543,0.7444620728492737,0.5262243151664734,-0.11381862312555313,0.7144312858581543,0.6257436871528625,-0.09470066428184509,0.704045295715332,0.6645063757896423,-0.0647890567779541,0.7945535182952881,0.6100581288337708,-0.06699850410223007,0.795917272567749,0.5597733855247498,-0.10235054045915604,0.765726625919342,0.6240766048431396,-0.08492405712604523,0.7498559951782227,0.6553943753242493,-0.0620887391269207,point,RRQ_p2,RRQ
0.3658877909183502,0.8944239616394043,-6.21542199041869e-07,0.2903006076812744,0.8221715092658997,-0.033716242760419846,0.22757187485694885,0.6952108144760132,-0.06096471846103668,0.18850643932819366,0.5940144658088684,-0.09190729260444641,0.15060590207576752,0.4996894598007202,-0.12244588136672974,0.2887076735496521,0.507936954498291,-0.03176381438970566,0.2506202459335327,0.3639322519302368,-0.08237408846616745,0.22702822089195251,0.2660737633705139,-0.1109563484787941,0.21208515763282776,0.18326827883720398,-0.1304190307855606,0.35533425211906433,0.5133339762687683,-0.04483158886432648,0.2725580334663391,0.47867581248283386,-0.12242324650287628,0.25070062279701233,0.6201813220977783,-0.13072678446769714,0.26533156633377075,0.6955434083938599,-0.11767464876174927,0.4139992892742157,0.5493929386138916,-0.06506337225437164,0.3235034644603729,0.5358541011810303,-0.13881397247314453,0.3095569610595703,0.661035418510437,-0.11196540296077728,0.3315907120704651,0.7179009914398193,-0.07462739944458008,0.46653497219085693,0.6068676710128784,-0.08930248767137527,0.3816123604774475,0.5766949653625488,-0.13491906225681305,0.35876983404159546,0.6608895063400269,-0.11312299221754074,0.3744705319404602,0.7062876224517822,-0.08451079577207565,point,RRQ_p2,RRQ
0.8519419431686401,0.752310574054718,6.319422141132236e-08,0.785430371761322,0.7064903974533081,-0.06981359422206879,0.7311586737632751,0.6129680275917053,-0.11425143480300903,0.714823842048645,0.5101735591888428,-0.15499462187290192,0.7024539709091187,0.4134942293167114,-0.19170957803726196,0.7056766748428345,0.43504878878593445,-0.060215264558792114,0.675059974193573,0.29993098974227905,-0.12129438668489456,0.6584700345993042,0.20537470281124115,-0.15559296309947968,0.6535043716430664,0.12579575181007385,-0.17562009394168854,0.775589644908905,0.4245566427707672,-0.05462579429149628,0.7794654369354248,0.34357166290283203,-0.13755056262016296,0.7877581119537354,0.48164790868759155,-0.14502856135368347,0.7875831127166748,0.545875608921051,-0.12756694853305817,0.8462927341461182,0.43261080980300903,-0.059572819620370865,0.8513867259025574,0.3814321756362915,-0.1343156397342682,0.8463863134384155,0.49915793538093567,-0.10854175686836243,0.8374208807945251,0.5444819331169128,-0.0703074038028717,0.9116491079330444,0.4587147533893585,-0.07161356508731842,0.9212996959686279,0.39564573764801025,-0.11435007303953171,0.9071881771087646,0.4778738021850586,-0.09256495535373688,0.8925950527191162,0.5193977952003479,-0.06389570236206055,point,RRQ_p2,RRQ
0.7052186131477356,0.7587419748306274,1.1774788788443402e-07,0.6275783777236938,0.7144579291343689,-0.026368452236056328,0.5635824203491211,0.6035777926445007,-0.043867647647857666,0.5420796871185303,0.4997534453868866,-0.0660102367401123,0.5513355731964111,0.4160219430923462,-0.08014333248138428,0.6101234555244446,0.4850565791130066,-0.0011732380371540785,0.5870146155357361,0.38251936435699463,-0.05617129057645798,0.5874992609024048,0.4486807882785797,-0.08932854235172272,0.5949501991271973,0.5150865316390991,-0.0997728779911995,0.6605826616287231,0.47671905159950256,-0.012109504081308842,0.6376822590827942,0.3325018286705017,-0.06006598845124245,0.6190823316574097,0.2583514153957367,-0.08900575339794159,0.6119405031204224,0.17783045768737793,-0.10112491995096207,0.7141648530960083,0.49519845843315125,-0.030348028987646103,0.6866361498832703,0.4394322335720062,-0.08520662039518356,0.6722099781036377,0.5380139350891113,-0.07826118916273117,0.6721566915512085,0.5985438823699951,-0.05627894774079323,0.76865154504776,0.5281699299812317,-0.05079193413257599,0.7300045490264893,0.48277997970581055,-0.078614741563797,0.7137322425842285,0.5591974854469299,-0.055537182837724686,0.7125779986381531,0.610387921333313,-0.02881794609129429,point,RRQ_p2,RRQ
0.24677425622940063,0.8503593802452087,9.45369791338635e-08,0.3021045923233032,0.7887466549873352,-0.02705085463821888,0.3365488350391388,0.705018162727356,-0.052200090140104294,0.34098902344703674,0.6295962333679199,-0.0797286331653595,0.3022775650024414,0.6011204123497009,-0.10684160888195038,0.2915234863758087,0.5582489371299744,-0.038551345467567444,0.2980012595653534,0.44398045539855957,-0.07448387891054153,0.30218204855918884,0.36883288621902466,-0.09437552094459534,0.29976725578308105,0.3051498532295227,-0.10765881836414337,0.23373036086559296,0.5669013857841492,-0.046812962740659714,0.2737126648426056,0.5456048250198364,-0.09994915872812271,0.29266273975372314,0.6378765106201172,-0.10882487148046494,0.28856727480888367,0.6852225661277771,-0.1027301549911499,0.18763525784015656,0.5993566513061523,-0.057745784521102905,0.23962648212909698,0.6136630177497864,-0.10744429379701614,0.2602024972438812,0.6916621327400208,-0.09604094922542572,0.25644710659980774,0.7272788286209106,-0.07606006413698196,0.15018130838871002,0.6466711759567261,-0.07167264819145203,0.19940808415412903,0.6635540723800659,-0.10299893468618393,0.2298046499490738,0.7137438058853149,-0.09321293979883194,0.23632332682609558,0.7367833852767944,-0.0773133933544159,point,RRQ_p2,RRQ
0.2746906578540802,0.8806132078170776,6.356642501259557e-08,0.33511966466903687,0.8124581575393677,-0.024344317615032196,0.3729834258556366,0.7282803058624268,-0.0458201989531517,0.38109296560287476,0.6615573763847351,-0.06994850188493729,0.3564997911453247,0.6158533096313477,-0.09300413727760315,0.31777095794677734,0.5824596285820007,-0.03640351444482803,0.3236527442932129,0.46845924854278564,-0.0716296136379242,0.322694331407547,0.39404451847076416,-0.09237090498209,0.31764307618141174,0.32960954308509827,-0.10584765672683716,0.26308566331863403,0.5912216305732727,-0.044752031564712524,0.3174687623977661,0.5750992894172668,-0.09969672560691833,0.3356718122959137,0.6580086350440979,-0.11346302926540375,0.33321306109428406,0.7135159969329834,-0.11041752994060516,0.22131890058517456,0.6242963075637817,-0.05526846647262573,0.2883034944534302,0.6389716863632202,-0.10547637194395065,0.30621927976608276,0.713461697101593,-0.09889177232980728,0.30488109588623047,0.7570053339004517,-0.08158596605062485,0.18982133269309998,0.6729161739349365,-0.0685487762093544,0.24982009828090668,0.6905247569084167,-0.10186225920915604,0.28294089436531067,0.7398308515548706,-0.09619996696710587,0.2976093292236328,0.769280195236206,-0.08205699175596237,point,RRQ_p2,RRQ
0.5374867916107178,0.9341216087341309,6.456970425006148e-08,0.6145975589752197,0.8628802299499512,-0.016216900199651718,0.6596032381057739,0.7932078242301941,-0.04210088774561882,0.6832535862922668,0.7320248484611511,-0.0742335245013237,0.6724290251731873,0.6878443360328674,-0.1054571121931076,0.6041505336761475,0.6319811344146729,-0.029055017977952957,0.6239354014396667,0.5283383131027222,-0.06558860093355179,0.6350560784339905,0.45520883798599243,-0.08779346197843552,0.6382639408111572,0.39227592945098877,-0.10271916538476944,0.5548979640007019,0.6344735622406006,-0.045740023255348206,0.6369651556015015,0.636053740978241,-0.0983615294098854,0.6488320827484131,0.7249034643173218,-0.10945796966552734,0.6318213939666748,0.7710242867469788,-0.10574941337108612,0.5207708477973938,0.6661549210548401,-0.0647008940577507,0.6117091178894043,0.6975926756858826,-0.11303899437189102,0.6199220418930054,0.7766094207763672,-0.10318977385759354,0.6050888895988464,0.8139558434486389,-0.0849178209900856,0.4982776939868927,0.7160194516181946,-0.08639173954725266,0.5766878724098206,0.7539993524551392,-0.11657349020242691,0.5951377749443054,0.8096461892127991,-0.10797303169965744,0.5908463597297668,0.8380589485168457,-0.09313013404607773,point,RRQ_p2,RRQ
0.6801760792732239,0.7737290263175964,1.554938506842518e-07,0.7510674595832825,0.689116895198822,-0.009962396696209908,0.7895660400390625,0.6193106770515442,-0.033547356724739075,0.8154392242431641,0.564178466796875,-0.06430356949567795,0.8277881741523743,0.5046039819717407,-0.09480215609073639,0.7151257991790771,0.4737866520881653,-0.02466920204460621,0.7343353033065796,0.3668498396873474,-0.06152273714542389,0.7493508458137512,0.2942652106285095,-0.08476801961660385,0.7567342519760132,0.23200806975364685,-0.1000952273607254,0.6711869239807129,0.48166730999946594,-0.04439559951424599,0.7697916626930237,0.4613463878631592,-0.09667536616325378,0.7868740558624268,0.5477012395858765,-0.10952048748731613,0.7687058448791504,0.5977864861488342,-0.10726151615381241,0.642909824848175,0.5178446173667908,-0.06595636159181595,0.751272439956665,0.5308129191398621,-0.11429764330387115,0.7605976462364197,0.6080375909805298,-0.10423390567302704,0.7427278757095337,0.6467986702919006,-0.08603554219007492,0.6257144212722778,0.5719720721244812,-0.08935096114873886,0.7101989388465881,0.5845322012901306,-0.1188427284359932,0.7365018129348755,0.6361103653907776,-0.10732125490903854,0.7382789254188538,0.6667462587356567,-0.09045978635549545,point,RRQ_p2,RRQ
0.698137640953064,0.7368183135986328,1.7166419752356887e-07,0.7740892767906189,0.645153284072876,-0.01088437344878912,0.8121508359909058,0.5720845460891724,-0.035247802734375,0.8361923098564148,0.5120196342468262,-0.0666557177901268,0.854813814163208,0.4451044797897339,-0.09739819169044495,0.7288265824317932,0.4262801706790924,-0.020487522706389427,0.7603931427001953,0.32931894063949585,-0.05823475494980812,0.784304678440094,0.2581063508987427,-0.08291059732437134,0.7990391850471497,0.19660183787345886,-0.0997249037027359,0.6864495873451233,0.4335719347000122,-0.03960592672228813,0.7889147996902466,0.4145621657371521,-0.09049100428819656,0.809248685836792,0.4953033924102783,-0.10424432158470154,0.7926532030105591,0.5404351949691772,-0.10406890511512756,0.6639659404754639,0.4712160527706146,-0.061124932020902634,0.7752050757408142,0.487005352973938,-0.10936527699232101,0.7848893404006958,0.5619408488273621,-0.10121693462133408,0.7653370499610901,0.5974811315536499,-0.08520331233739853,0.6554604768753052,0.526145875453949,-0.0846831426024437,0.745091438293457,0.5428675413131714,-0.11449061334133148,0.7678793668746948,0.5913668274879456,-0.10570615530014038,0.761900007724762,0.6171209216117859,-0.09161602705717087,point,RRQ_p2,RRQ
0.6966438889503479,0.7343753576278687,2.5469162778790633e-07,0.7758489847183228,0.6537463665008545,-0.008436692878603935,0.8175442218780518,0.5836277008056641,-0.03218459710478783,0.8455587029457092,0.5272005200386047,-0.06297485530376434,0.8684201836585999,0.46519938111305237,-0.09343407303094864,0.7426483631134033,0.4335780739784241,-0.01843659020960331,0.7935028672218323,0.3484542965888977,-0.0551302433013916,0.8319608569145203,0.290901780128479,-0.07819575071334839,0.8614910840988159,0.23999902606010437,-0.09329742193222046,0.7014201283454895,0.43919020891189575,-0.03800665959715843,0.8066955208778381,0.4212609529495239,-0.08635678142309189,0.8205996751785278,0.5062376856803894,-0.09677670896053314,0.802707314491272,0.549777626991272,-0.09406336396932602,0.6781222820281982,0.47546571493148804,-0.05994527041912079,0.7903927564620972,0.4974767863750458,-0.10456893593072891,0.7958459258079529,0.5727527737617493,-0.0945863425731659,0.7748754024505615,0.6051144599914551,-0.07786083221435547,0.668022632598877,0.5305811762809753,-0.0837450921535492,0.7593894600868225,0.5565457940101624,-0.10977214574813843,0.7774390578269958,0.6070678234100342,-0.09985244274139404,0.7666318416595459,0.6290756464004517,-0.08585748076438904,point,RRQ_p2,RRQ
0.2797238230705261,0.7802976369857788,6.881198544306244e-08,0.3317716717720032,0.730961263179779,-0.021133465692400932,0.3665292263031006,0.6477711200714111,-0.03847046568989754,0.39110761880874634,0.5807057023048401,-0.05834830924868584,0.4185182452201843,0.524318516254425,-0.07542983442544937,0.3383955955505371,0.5283917188644409,-0.0032264296896755695,0.35931697487831116,0.4605069160461426,-0.038044583052396774,0.38990601897239685,0.4579022228717804,-0.05413662642240524,0.4085261821746826,0.4804549515247345,-0.05841644108295441,0.29327884316444397,0.5293604135513306,-0.009527532383799553,0.3362295627593994,0.4570227265357971,-0.04726541042327881,0.34402379393577576,0.5508910417556763,-0.047648414969444275,0.3274913728237152,0.5877206921577454,-0.03446795046329498,0.2497653067111969,0.5459935069084167,-0.022311143577098846,0.29841575026512146,0.5131994485855103,-0.06743626296520233,0.30589309334754944,0.5983249545097351,-0.05547981336712837,0.2850114405155182,0.6233276724815369,-0.03340102359652519,0.20514661073684692,0.5772941708564758,-0.03639795258641243,0.25211063027381897,0.5564833283424377,-0.06586990505456924,0.27224603295326233,0.6171454191207886,-0.052946899086236954,0.26047199964523315,0.6382192969322205,-0.03446011245250702,pinch,RRQ_p2,RRQ
0.35905009508132935,0.7796449661254883,7.026127235576496e-08,0.41293254494667053,0.7192227840423584,-0.01669217273592949,0.43940770626068115,0.6216890811920166,-0.031311165541410446,0.4553583264350891,0.5450804233551025,-0.05082976445555687,0.48905450105667114,0.4892015755176544,-0.0686320960521698,0.40122556686401367,0.5204601883888245,0.009946884587407112,0.4215378165245056,0.4635278582572937,-0.023193709552288055,0.45286285877227783,0.45753127336502075,-0.03997088968753815,0.4761791527271271,0.4587823152542114,-0.04679764807224274,0.35725027322769165,0.5263805389404297,0.001389849465340376,0.4048426151275635,0.46866536140441895,-0.036597173660993576,0.40956929326057434,0.5613332986831665,-0.039862193167209625,0.3852841854095459,0.5813195705413818,-0.029851648956537247,0.3168969750404358,0.544532835483551,-0.013755124993622303,0.3683848977088928,0.5046136975288391,-0.06013976037502289,0.37883785367012024,0.5930104851722717,-0.048053380101919174,0.35180702805519104,0.6140417456626892,-0.02631360851228237,0.27325794100761414,0.5750285983085632,-0.029963407665491104,0.32618629932403564,0.5454768538475037,-0.060602154582738876,0.34634312987327576,0.6096031069755554,-0.04709821566939354,0.3265577256679535,0.6331142783164978,-0.02818151004612446,pinch,RRQ_p2,RRQ
0.21146844327449799,0.7623980045318604,1.3689657407667255e-07,0.2687336504459381,0.7001892328262329,-0.03245940059423447,0.2947620153427124,0.5922094583511353,-0.052174411714076996,0.2899938225746155,0.497058242559433,-0.07271532714366913,0.3052366375923157,0.4158852696418762,-0.09087669849395752,0.2554436922073364,0.4758639335632324,0.0009046167251653969,0.2591882348060608,0.41644126176834106,-0.03135639429092407,0.2801763415336609,0.3791210353374481,-0.04741981253027916,0.29861581325531006,0.3769948184490204,-0.05306871980428696,0.20441600680351257,0.486494779586792,-0.0004194878274574876,0.23091116547584534,0.40616336464881897,-0.04042232781648636,0.24652314186096191,0.504387378692627,-0.04237591102719307,0.2355654239654541,0.5466604828834534,-0.02812226675450802,0.15845981240272522,0.510230541229248,-0.009349731728434563,0.18680036067962646,0.4502328634262085,-0.06192397326231003,0.20978806912899017,0.5424461960792542,-0.047889966517686844,0.19548581540584564,0.5794103741645813,-0.021242454648017883,0.10721948742866516,0.5503410696983337,-0.019930092617869377,0.13640347123146057,0.4961472153663635,-0.05711091309785843,0.1687304526567459,0.558230996131897,-0.04240614175796509,0.16605521738529205,0.5887261033058167,-0.02010081149637699,pinch,RRQ_p2,RRQ
0.278571754693985,0.7964680194854736,1.7546247477184806e-07,0.33287468552589417,0.726445198059082,-0.022728973999619484,0.36083632707595825,0.6254090070724487,-0.041913628578186035,0.3768188953399658,0.540336012840271,-0.064873106777668,0.4002585709095001,0.4641414284706116,-0.08578689396381378,0.32351216673851013,0.5096161961555481,0.00350333284586668,0.33985063433647156,0.4510438144207001,-0.03127814829349518,0.3699946701526642,0.42507266998291016,-0.048092033714056015,0.3919645845890045,0.4155311584472656,-0.05493885651230812,0.27342671155929565,0.5164795517921448,-0.004497970454394817,0.3189730942249298,0.43748903274536133,-0.045937541872262955,0.3322583734989166,0.536490797996521,-0.048556722700595856,0.31109845638275146,0.5639536380767822,-0.03591841459274292,0.23024235665798187,0.5384702086448669,-0.01931454986333847,0.28039005398750305,0.49123916029930115,-0.07188825309276581,0.2968234717845917,0.5865471363067627,-0.05797237902879715,0.2672499120235443,0.6109471321105957,-0.032654616981744766,0.18408754467964172,0.5754039883613586,-0.03540140390396118,0.23767304420471191,0.5448207855224609,-0.07129589468240738,0.25994595885276794,0.6094339489936829,-0.056779272854328156,0.2356053590774536,0.6311092972755432,-0.0357264019548893,pinch,RRQ_p2,RRQ
0.6624588370323181,0.8171352744102478,-7.436541409333586e-07,0.6088693141937256,0.7608546018600464,-0.00768669880926609,0.5667388439178467,0.6688184142112732,-0.020117904990911484,0.5370297431945801,0.6017303466796875,-0.03892644867300987,0.5077361464500427,0.540138304233551,-0.05466831848025322,0.620887279510498,0.5361390113830566,0.010657074861228466,0.5856345295906067,0.4657202661037445,-0.032425638288259506,0.5401472449302673,0.47406303882598877,-0.05424576997756958,0.5074337720870972,0.4967241883277893,-0.061943911015987396,0.6595324277877808,0.5387710332870483,-0.004883795510977507,0.6011980772018433,0.483521968126297,-0.048159580677747726,0.5828145146369934,0.578655481338501,-0.050621677190065384,0.5999325513839722,0.6133449077606201,-0.039912495762109756,0.6971650719642639,0.5569918751716614,-0.02781684137880802,0.6290537118911743,0.5280784964561462,-0.07145459204912186,0.6206992864608765,0.62123042345047,-0.05350019410252571,0.6451415419578552,0.6479750871658325,-0.029379986226558685,0.7330819964408875,0.5907251834869385,-0.05248485505580902,0.6670061945915222,0.5619782209396362,-0.07574781775474548,0.6534570455551147,0.6246959567070007,-0.059598375111818314,0.6723241209983826,0.6493296027183533,-0.04083429276943207,pinch,RRQ_p2,RRQ
0.6664676070213318,0.817050576210022,-7.629127480868192e-07,0.6141818761825562,0.7669833898544312,-0.008404996246099472,0.5688214302062988,0.6723220944404602,-0.01927785947918892,0.5380373001098633,0.6039391160011292,-0.03597593680024147,0.5069915056228638,0.5453029274940491,-0.04946562275290489,0.6218990683555603,0.5346051454544067,0.011188650503754616,0.5863595604896545,0.4651032090187073,-0.03023299016058445,0.5421242117881775,0.4712789058685303,-0.051217544823884964,0.5097706317901611,0.4933333694934845,-0.05867576599121094,0.6621259450912476,0.5365427732467651,-0.0034871012903749943,0.6000760793685913,0.4849804639816284,-0.04636277258396149,0.5818753242492676,0.5828322768211365,-0.04833516478538513,0.5982868075370789,0.6202491521835327,-0.03707301989197731,0.7003295421600342,0.5552139282226562,-0.025541001930832863,0.6306765675544739,0.5326237082481384,-0.06875787675380707,0.6218172311782837,0.6259532570838928,-0.05042657628655434,0.644934356212616,0.6533001661300659,-0.02577071636915207,0.7352233529090881,0.589496910572052,-0.049472976475954056,0.6706386804580688,0.5633693337440491,-0.07209989428520203,0.6559702157974243,0.6251024603843689,-0.055933788418769836,0.6734486222267151,0.6488970518112183,-0.037122372537851334,pinch,RRQ_p2,RRQ
0.8294315338134766,0.7054635286331177,-5.85699808652862e-07,0.7743439078330994,0.6421500444412231,-0.00801819283515215,0.7442162036895752,0.5361934900283813,-0.015757961198687553,0.7340328097343445,0.4533395767211914,-0.030733995139598846,0.7218892574310303,0.3774724006652832,-0.04506642743945122,0.7990283966064453,0.43507328629493713,0.023356100544333458,0.7902296185493469,0.3597417175769806,-0.013217717409133911,0.7555363774299622,0.339918851852417,-0.035027969628572464,0.7296199798583984,0.3429098129272461,-0.04369625076651573,0.8368442058563232,0.4389556646347046,0.00811336375772953,0.8174334168434143,0.3449207544326782,-0.03503958508372307,0.7829967737197876,0.4289173483848572,-0.0419243685901165,0.7836650609970093,0.48280012607574463,-0.030658569186925888,0.8770948052406311,0.456521213054657,-0.01423418428748846,0.8480387926101685,0.38794732093811035,-0.059515055269002914,0.8182682991027832,0.4775037169456482,-0.04594641178846359,0.8248558044433594,0.5270018577575684,-0.02048908919095993,0.9190810918807983,0.48885151743888855,-0.03793208301067352,0.8868491649627686,0.4267440438270569,-0.0618317537009716,0.8613274097442627,0.4837934374809265,-0.0457725003361702,0.867657482624054,0.5240221619606018,-0.024981535971164703,pinch,RRQ_p2,RRQ
0.35565370321273804,0.8027174472808838,-1.0036758339992957e-06,0.28178176283836365,0.6653993129730225,0.0058895293623209,0.251868337392807,0.5374960899353027,-0.011552352458238602,0.22321584820747375,0.4413054883480072,-0.04016115888953209,0.1857602298259735,0.3473985195159912,-0.06652813404798508,0.40293651819229126,0.4237462282180786,0.029218560084700584,0.3224063515663147,0.3488440215587616,-0.016689356416463852,0.25609177350997925,0.32586848735809326,-0.04987461864948273,0.19940400123596191,0.3149147927761078,-0.07014384865760803,0.44323885440826416,0.43658727407455444,-0.0012726625427603722,0.32245898246765137,0.3501271605491638,-0.04956604167819023,0.2842485308647156,0.4659458100795746,-0.0583634227514267,0.308383584022522,0.5220507979393005,-0.055036578327417374,0.4708556532859802,0.4652573764324188,-0.038703713566064835,0.3382410705089569,0.38922709226608276,-0.0821036845445633,0.30909326672554016,0.5032045841217041,-0.05927083641290665,0.3403310179710388,0.5534111857414246,-0.03664544224739075,0.4790763258934021,0.5102311372756958,-0.0782516673207283,0.3654767870903015,0.446757435798645,-0.10706949979066849,0.3426298201084137,0.5217217803001404,-0.08917552977800369,0.3723975419998169,0.5651283264160156,-0.07008620351552963,pinch,RRQ_p2,RRQ
0.7809951305389404,0.6421573162078857,-5.539106950891437e-07,0.7225773930549622,0.527790367603302,-0.0031295253429561853,0.7116876244544983,0.3996832072734833,-0.009013260714709759,0.7227759957313538,0.2927912771701813,-0.02677898108959198,0.7291340231895447,0.19266192615032196,-0.044897742569446564,0.7882290482521057,0.32532596588134766,0.05004240944981575,0.7986346483230591,0.2422913759946823,0.01673850603401661,0.7701857686042786,0.19248557090759277,-0.00331208948045969,0.7445400953292847,0.16376246511936188,-0.011652899906039238,0.8315612077713013,0.3387177288532257,0.029139207676053047,0.8327706456184387,0.21695436537265778,-0.017795799300074577,0.7813987731933594,0.301531046628952,-0.024820545688271523,0.7747315168380737,0.3660345673561096,-0.009579078294336796,0.8749740123748779,0.365753173828125,-0.000315189448883757,0.864369809627533,0.2671087682247162,-0.04978521913290024,0.8147247433662415,0.35974153876304626,-0.03252693638205528,0.8117886781692505,0.4253336191177368,-0.001071411301381886,0.9200125336647034,0.40712428092956543,-0.03146534040570259,0.9053040146827698,0.3159571886062622,-0.05579828470945358,0.8627954721450806,0.3697444796562195,-0.03550024703145027,0.8570181131362915,0.42301565408706665,-0.01020666491240263,pinch,RRQ_p2,RRQ
0.8258541226387024,0.5737148523330688,-3.797602516897314e-07,0.7779321670532227,0.5047860741615295,-0.006842952687293291,0.7605345845222473,0.41859227418899536,-0.013051263988018036,0.7578578591346741,0.3450961709022522,-0.025776248425245285,0.7595407962799072,0.2739757299423218,-0.038103897124528885,0.8106645941734314,0.3530624210834503,0.031423524022102356,0.8135564923286438,0.290718674659729,0.007015917915850878,0.7922697067260742,0.2723500728607178,-0.009930060245096684,0.7746388912200928,0.2696390151977539,-0.016860956326127052,0.8423754572868347,0.36011287569999695,0.021478306502103806,0.8363261222839355,0.285006582736969,-0.010777504183351994,0.8079454302787781,0.34625929594039917,-0.020947245880961418,0.8029126524925232,0.3961699306964874,-0.014887839555740356,0.8751190900802612,0.375823974609375,0.00560663640499115,0.8605403900146484,0.3155593276023865,-0.028515495359897614,0.8338266611099243,0.3819851577281952,-0.023328719660639763,0.8323922753334045,0.4327948987483978,-0.006190004758536816,0.9100419282913208,0.400350421667099,-0.011185001581907272,0.8928848505020142,0.34150421619415283,-0.02959093078970909,0.8685145974159241,0.3834722936153412,-0.019855210557579994,0.8658590912818909,0.4259503185749054,-0.004817423410713673,pinch,RRQ_p2,RRQ
0.5967804789543152,0.6966466903686523,-5.866405672350083e-07,0.5483658909797668,0.665726900100708,-0.005632658489048481,0.505225658416748,0.585328996181488,-0.010516159236431122,0.48242342472076416,0.5199986100196838,-0.020171383395791054,0.4649697244167328,0.4618341326713562,-0.02913799323141575,0.5511142015457153,0.495993047952652,0.01586737111210823,0.5334656834602356,0.4385316073894501,-0.013042780570685863,0.4988584518432617,0.429928183555603,-0.03107374720275402,0.4710031747817993,0.436921626329422,-0.03958583250641823,0.5812650322914124,0.49123212695121765,0.0040620421059429646,0.5424684882164001,0.4285082519054413,-0.031077196821570396,0.5262124538421631,0.49739736318588257,-0.03903525695204735,0.5351598262786865,0.5451527237892151,-0.03329772129654884,0.6136335134506226,0.4991326332092285,-0.012977134436368942,0.5656550526618958,0.45839616656303406,-0.0503954254090786,0.5600847601890564,0.5343308448791504,-0.042758695781230927,0.57669997215271,0.5755568742752075,-0.02573573589324951,0.6486346125602722,0.5177969932556152,-0.030702009797096252,0.5995385646820068,0.48163580894470215,-0.05451010540127754,0.5909757018089294,0.5320940017700195,-0.04642577841877937,0.6057690978050232,0.5635385513305664,-0.03347852826118469,pinch,RRQ_p2,RRQ
0.30895018577575684,0.7158020734786987,4.855824542460141e-08,0.34115535020828247,0.6759993433952332,-0.008949549868702888,0.3553365468978882,0.615315854549408,-0.015518628060817719,0.3562847375869751,0.5651445388793945,-0.024610450491309166,0.36771756410598755,0.5240039825439453,-0.03351084887981415,0.3298785388469696,0.563226044178009,0.007791636511683464,0.3358718156814575,0.5279948711395264,-0.006334055680781603,0.3507254123687744,0.5102556943893433,-0.013719946146011353,0.3626088500022888,0.5026684999465942,-0.017216389998793602,0.3052200675010681,0.5679351687431335,0.0029797181487083435,0.3238973021507263,0.5247479677200317,-0.016678696498274803,0.3313541114330292,0.5782105922698975,-0.018457524478435516,0.3218208849430084,0.6014385223388672,-0.012657751329243183,0.2820633053779602,0.5795482397079468,-0.005044461693614721,0.30278143286705017,0.5434788465499878,-0.031309254467487335,0.3130391538143158,0.5964758396148682,-0.023704390972852707,0.30161434412002563,0.6201075315475464,-0.010385180823504925,0.25450214743614197,0.5990790724754333,-0.013324176892638206,0.27632755041122437,0.5669717788696289,-0.03190450370311737,0.2924526035785675,0.6035972237586975,-0.023572096601128578,0.28717344999313354,0.6241550445556641,-0.012108366936445236,pinch,RRQ_p2,RRQ
0.2964404821395874,0.6831783652305603,6.990983081323066e-08,0.3288213610649109,0.6416702270507812,-0.006955466233193874,0.3425900936126709,0.579463005065918,-0.010657912120223045,0.3461263179779053,0.5302574634552002,-0.01712840050458908,0.35450994968414307,0.48849785327911377,-0.02374381572008133,0.3159448802471161,0.5299203991889954,0.011202145367860794,0.32182836532592773,0.4939029812812805,-0.0009803931461647153,0.3366355299949646,0.4770530164241791,-0.00818253681063652,0.3493199944496155,0.46746349334716797,-0.0118293771520257,0.2927349805831909,0.5348067283630371,0.006598304025828838,0.31078219413757324,0.49145421385765076,-0.01142443623393774,0.3185575008392334,0.542316734790802,-0.014018284156918526,0.31141576170921326,0.565991997718811,-0.009143528528511524,0.27003994584083557,0.5463125109672546,-0.00106648204382509,0.28982263803482056,0.5090234875679016,-0.026005346328020096,0.3002428114414215,0.5587548017501831,-0.02003483474254608,0.29129788279533386,0.5821113586425781,-0.007913683541119099,0.24279502034187317,0.564548134803772,-0.008784267120063305,0.26429325342178345,0.5298763513565063,-0.026076123118400574,0.27968549728393555,0.564603328704834,-0.01842978410422802,0.2753191292285919,0.5855518579483032,-0.007636316120624542,pinch,RRQ_p2,RRQ
0.3219747245311737,0.582483172416687,-1.2501838675404997e-08,0.3642725348472595,0.5311102867126465,0.0037896097637712955,0.38398659229278564,0.4672289192676544,-0.001123029156588018,0.40254825353622437,0.4289742112159729,-0.011724526062607765,0.4298853874206543,0.40414637327194214,-0.0214910339564085,0.3360059857368469,0.39637240767478943,0.01323444303125143,0.3740534782409668,0.3739286959171295,-0.0039818729273974895,0.40464791655540466,0.38008731603622437,-0.014275237917900085,0.4262540340423584,0.38711410760879517,-0.02047686278820038,0.3135494589805603,0.3967071771621704,-2.8491116609075107e-05,0.3701632022857666,0.3808046877384186,-0.017815012484788895,0.3728649914264679,0.43275824189186096,-0.019612090662121773,0.3558977544307709,0.4441125690937042,-0.017072202637791634,0.29912590980529785,0.41092079877853394,-0.015816107392311096,0.36006084084510803,0.40500620007514954,-0.03490227460861206,0.3619460165500641,0.45390990376472473,-0.027675263583660126,0.34286242723464966,0.46450886130332947,-0.018777640536427498,0.28957661986351013,0.43402600288391113,-0.03219227492809296,0.340943843126297,0.43108096718788147,-0.043378233909606934,0.3469918966293335,0.4642329216003418,-0.035789187997579575,0.33061057329177856,0.4741878807544708,-0.027603188529610634,pinch,RRQ_p2,RRQ
0.23223181068897247,0.5858725905418396,-4.889470517355221e-08,0.27316591143608093,0.5136654376983643,0.0022694729268550873,0.2846611440181732,0.4341353178024292,-0.0030893729999661446,0.2964516282081604,0.38423970341682434,-0.014337895438075066,0.32090815901756287,0.3471435308456421,-0.02490353398025036,0.2244167923927307,0.3633265495300293,0.010829965583980083,0.25485238432884216,0.32460665702819824,-0.01066826842725277,0.28628093004226685,0.3241022229194641,-0.021264981478452682,0.3093547224998474,0.3322209417819977,-0.0262343380600214,0.19321084022521973,0.3714383542537689,-0.0031927195377647877,0.2480885535478592,0.3404231667518616,-0.026307152584195137,0.26182252168655396,0.40544143319129944,-0.02832595445215702,0.24495309591293335,0.424076646566391,-0.023574696853756905,0.17258034646511078,0.3957546055316925,-0.019969724118709564,0.23147766292095184,0.3793366551399231,-0.04644810035824776,0.24400661885738373,0.43935245275497437,-0.03875115141272545,0.22292481362819672,0.4541759490966797,-0.027132362127304077,0.1577155441045761,0.43007150292396545,-0.03689516708254814,0.20774278044700623,0.4175330102443695,-0.05340638756752014,0.2236059308052063,0.45433130860328674,-0.04415969178080559,0.2067098766565323,0.4670577049255371,-0.032788295298814774,pinch,RRQ_p2,RRQ
0.28456905484199524,0.7379596829414368,-2.4586609015386784e-07,0.33304181694984436,0.7049145698547363,-0.008105923421680927,0.368847131729126,0.6515526175498962,-0.010918114334344864,0.38653695583343506,0.6009413599967957,-0.016240736469626427,0.38195863366127014,0.5556579232215881,-0.019821196794509888,0.34827011823654175,0.5877289175987244,0.0024857171811163425,0.3561584949493408,0.5396807789802551,-0.018758881837129593,0.35230377316474915,0.5829537510871887,-0.03167572617530823,0.3469707667827606,0.6210892796516418,-0.035857442766427994,0.31802210211753845,0.5881236791610718,-0.0015327363507822156,0.32661572098731995,0.5423892736434937,-0.023962482810020447,0.32687148451805115,0.5980857014656067,-0.0314594991505146,0.32358115911483765,0.6372585892677307,-0.030532216653227806,0.28650951385498047,0.5973045825958252,-0.008515523746609688,0.293842613697052,0.5522066354751587,-0.03144318610429764,0.30170148611068726,0.609327495098114,-0.02662920020520687,0.30219322443008423,0.6479781270027161,-0.01632652059197426,0.2526693046092987,0.6145899295806885,-0.016063086688518524,0.26235872507095337,0.5786138772964478,-0.032730333507061005,0.27658095955848694,0.6174799203872681,-0.026792854070663452,0.2817381024360657,0.6478897333145142,-0.016914082691073418,fist,RRQ_p2,RRQ
0.15972205996513367,0.8229467868804932,-2.8967099297005916e-07,0.21999146044254303,0.7766726613044739,-0.015865741297602654,0.2629809081554413,0.7113869786262512,-0.020408431068062782,0.2768856883049011,0.6423685550689697,-0.026354560628533363,0.2651079595088959,0.5912678241729736,-0.028319887816905975,0.23341378569602966,0.6284685134887695,0.007518594618886709,0.23234379291534424,0.5756322741508484,-0.019403474405407906,0.23060235381126404,0.63177090883255,-0.0363292433321476,0.23310460150241852,0.6725976467132568,-0.04299108311533928,0.19452761113643646,0.6323737502098083,0.006277091801166534,0.18998214602470398,0.5855841636657715,-0.026008276268839836,0.19718347489833832,0.6578049063682556,-0.03773760050535202,0.2036585807800293,0.698723554611206,-0.037527039647102356,0.15606525540351868,0.6479580402374268,0.0004566288262140006,0.15152336657047272,0.6069096922874451,-0.031960468739271164,0.1661398559808731,0.6765221357345581,-0.025851894170045853,0.17587117850780487,0.7172276377677917,-0.012362999841570854,0.11889314651489258,0.6739805936813354,-0.006623799446970224,0.11755280196666718,0.6442537307739258,-0.028387119993567467,0.136387437582016,0.6919012069702148,-0.02186771109700203,0.14960980415344238,0.7209684252738953,-0.009971310384571552,fist,RRQ_p2,RRQ
0.17125996947288513,0.8265126943588257,-3.115210063242557e-07,0.23308084905147552,0.7869685888290405,-0.018027210608124733,0.2788398861885071,0.7253046631813049,-0.024267051368951797,0.2972877621650696,0.6614288687705994,-0.03232049196958542,0.2993597388267517,0.6054151058197021,-0.03662525489926338,0.25658971071243286,0.6364709138870239,0.0049837506376206875,0.26964694261550903,0.5847418904304504,-0.02555139921605587,0.2612534165382385,0.6446450352668762,-0.043632932007312775,0.2548638582229614,0.6909084320068359,-0.0494205541908741,0.218739852309227,0.6355684995651245,0.003507285611703992,0.23061229288578033,0.5900413990020752,-0.03128913789987564,0.22686143219470978,0.6651631593704224,-0.042656201869249344,0.2239503562450409,0.7140154838562012,-0.04016340151429176,0.17992927134037018,0.6453615427017212,-0.003336468245834112,0.18718184530735016,0.6116811037063599,-0.03779437392950058,0.19247353076934814,0.6858025789260864,-0.03223220258951187,0.19467371702194214,0.7306800484657288,-0.01703801192343235,0.13850808143615723,0.6644003391265869,-0.011566299945116043,0.1475442349910736,0.6350015997886658,-0.032723862677812576,0.15932875871658325,0.6848260164260864,-0.02462545596063137,0.16483663022518158,0.7169486284255981,-0.010733449831604958,fist,RRQ_p2,RRQ
0.20814459025859833,0.49682363867759705,-3.1099892794372863e-07,0.2691940367221832,0.4577263295650482,-0.013408491387963295,0.3102671205997467,0.3907254934310913,-0.01622917316854,0.3284177780151367,0.32317987084388733,-0.022131500765681267,0.33100610971450806,0.26419714093208313,-0.025195742025971413,0.2863331437110901,0.31008389592170715,0.00819975696504116,0.29490071535110474,0.24655258655548096,-0.019448455423116684,0.2878012955188751,0.29972702264785767,-0.036026980727910995,0.2815287411212921,0.350638210773468,-0.04063389077782631,0.24965053796768188,0.31049200892448425,0.005042019300162792,0.25597232580184937,0.24828492105007172,-0.026011604815721512,0.2554543614387512,0.3168916702270508,-0.03643323853611946,0.25479856133461,0.37117546796798706,-0.03401663526892662,0.21049460768699646,0.32031503319740295,-0.0030977344140410423,0.21443039178848267,0.26953059434890747,-0.03498454764485359,0.22364522516727448,0.3410274088382721,-0.03139059618115425,0.22795556485652924,0.3922152817249298,-0.018113186582922935,0.16839005053043365,0.33818915486335754,-0.012303021736443043,0.1771266758441925,0.2934219241142273,-0.03300795331597328,0.19216519594192505,0.3390045166015625,-0.02682354673743248,0.20027534663677216,0.3767080307006836,-0.014899376779794693,fist,RRQ_p2,RRQ
0.37023958563804626,0.47503161430358887,-2.644776486704359e-07,0.425651878118515,0.4392361044883728,-0.013085609301924706,0.4653710424900055,0.37451469898223877,-0.015618558041751385,0.48222458362579346,0.3135070502758026,-0.021069422364234924,0.4858134090900421,0.25752949714660645,-0.023646190762519836,0.44061219692230225,0.2970474660396576,0.010668076574802399,0.45646488666534424,0.24068230390548706,-0.015012305229902267,0.4549100399017334,0.29113179445266724,-0.03100813552737236,0.44824016094207764,0.34021976590156555,-0.03508627787232399,0.40865764021873474,0.2974500060081482,0.008107604458928108,0.4254373610019684,0.24176430702209473,-0.02075488306581974,0.42523327469825745,0.3090651035308838,-0.030495472252368927,0.4202762246131897,0.36463963985443115,-0.027192460373044014,0.37323805689811707,0.30469417572021484,0.0005062902346253395,0.3911255896091461,0.26290765404701233,-0.03035120666027069,0.39562079310417175,0.33390170335769653,-0.02717915177345276,0.39341622591018677,0.38611799478530884,-0.013423753902316093,0.3348040282726288,0.31913790106773376,-0.008106004446744919,0.3560712933540344,0.28373730182647705,-0.028425976634025574,0.3661264479160309,0.33033180236816406,-0.022362716495990753,0.36726754903793335,0.36887457966804504,-0.010087563656270504,fist,RRQ_p2,RRQ
0.5969104766845703,0.6414360404014587,-8.730324907446629e-07,0.5164791345596313,0.6531315445899963,-0.030270854011178017,0.4251907169818878,0.5927411913871765,-0.043604668229818344,0.3704497218132019,0.5250862836837769,-0.057607267051935196,0.34008514881134033,0.4530903697013855,-0.06471090763807297,0.41315338015556335,0.45505717396736145,-0.0025814773980528116,0.37669995427131653,0.4038730263710022,-0.049795519560575485,0.40643441677093506,0.48090845346450806,-0.0751442089676857,0.4352441430091858,0.5337857604026794,-0.08371107280254364,0.46263518929481506,0.42491286993026733,-0.005633614957332611,0.4306708872318268,0.38771432638168335,-0.05310555920004845,0.4593309462070465,0.49487900733947754,-0.0621032640337944,0.4785233438014984,0.5419979095458984,-0.054813165217638016,0.5157123804092407,0.4127078056335449,-0.01774967648088932,0.4872690439224243,0.38858360052108765,-0.06777887046337128,0.5098267793655396,0.4963797330856323,-0.055661410093307495,0.5244989991188049,0.5424546003341675,-0.03256606310606003,0.5711634755134583,0.4136069118976593,-0.03223147243261337,0.5410947203636169,0.399637907743454,-0.06223391741514206,0.5506004095077515,0.48011329770088196,-0.049511294811964035,0.5596604347229004,0.5178311467170715,-0.030348563566803932,fist,RRQ_p2,RRQ
0.7006030678749084,0.6281052231788635,-7.51088123251975e-07,0.6298246383666992,0.6347177028656006,-0.03695828840136528,0.5489439964294434,0.5700876116752625,-0.053149864077568054,0.5059367418289185,0.49312612414360046,-0.06720078736543655,0.49446821212768555,0.41959360241889954,-0.07365843653678894,0.548865795135498,0.43404409289360046,-0.01655251532793045,0.5327327847480774,0.3735603392124176,-0.06397651135921478,0.5596107840538025,0.44931361079216003,-0.086903877556324,0.5786502361297607,0.5048217177391052,-0.09437179565429688,0.6029400825500488,0.4136173725128174,-0.0167855117470026,0.5928084850311279,0.36274582147598267,-0.0666785016655922,0.6140390634536743,0.47131502628326416,-0.07474779337644577,0.6181617975234985,0.5224095582962036,-0.06705179810523987,0.6569011211395264,0.41095781326293945,-0.025719594210386276,0.6515142917633057,0.3728092312812805,-0.0786910131573677,0.6621769070625305,0.4798024594783783,-0.06717478483915329,0.6578701138496399,0.528516411781311,-0.04496556520462036,0.7109372019767761,0.41946348547935486,-0.03707006946206093,0.7040344476699829,0.3945131003856659,-0.07109982520341873,0.7074399590492249,0.47315579652786255,-0.0603163056075573,0.7000601291656494,0.512608528137207,-0.042554453015327454,fist,RRQ_p2,RRQ
0.9190778732299805,0.6677436828613281,-5.531833835448197e-07,0.8461868166923523,0.6408514380455017,-0.06517207622528076,0.783784806728363,0.5621474981307983,-0.08980444073677063,0.7621179819107056,0.4758252203464508,-0.10720229893922806,0.778833270072937,0.4021480679512024,-0.11329340189695358,0.8012968301773071,0.4148923456668854,-0.010155582800507545,0.8273833990097046,0.38304340839385986,-0.06213848292827606,0.8329882025718689,0.4716514050960541,-0.08876968920230865,0.8225453495979309,0.5073168873786926,-0.09942971169948578,0.8549267053604126,0.40831929445266724,0.004148187581449747,0.8806902170181274,0.37779712677001953,-0.057370834052562714,0.8791084289550781,0.49376723170280457,-0.07392697781324387,0.860853374004364,0.5212437510490417,-0.06878136098384857,0.9052532911300659,0.41673609614372253,0.005252721253782511,0.9322699308395386,0.39255768060684204,-0.05851621553301811,0.9227249026298523,0.4982844591140747,-0.052229199558496475,0.9005892872810364,0.5239686369895935,-0.029830414801836014,0.9540985226631165,0.43603330850601196,0.0011724981013685465,0.9726211428642273,0.41400712728500366,-0.03703867644071579,0.9631500840187073,0.49160492420196533,-0.029706189408898354,0.9403734803199768,0.5156741738319397,-0.012597736902534962,fist,RRQ_p2,RRQ
0.6414183378219604,0.3324955701828003,-6.723840897393529e-07,0.5629017949104309,0.3141544461250305,-0.021755293011665344,0.49526461958885193,0.24505576491355896,-0.031064597889780998,0.4606357216835022,0.16817747056484222,-0.04361943155527115,0.45065951347351074,0.09574636816978455,-0.050499506294727325,0.5056780576705933,0.12940052151679993,0.016849827021360397,0.487978994846344,0.06554897129535675,-0.024979230016469955,0.5053887963294983,0.1296650469303131,-0.05128787085413933,0.5226909518241882,0.1872105747461319,-0.061085037887096405,0.5510925054550171,0.11334547400474548,0.011090274900197983,0.5343069434165955,0.04666715860366821,-0.033336952328681946,0.5472647547721863,0.14091837406158447,-0.04769664630293846,0.5578726530075073,0.20114371180534363,-0.04369960352778435,0.5978256464004517,0.11231741309165955,-0.003113748738542199,0.585686206817627,0.05670039355754852,-0.04723946005105972,0.5896957516670227,0.15256308019161224,-0.04091740772128105,0.5933270454406738,0.20986366271972656,-0.02194427326321602,0.6465290784835815,0.12367571145296097,-0.019411131739616394,0.6336138844490051,0.08823692053556442,-0.04613703861832619,0.6288679838180542,0.15609166026115417,-0.03752903267741203,0.6255931258201599,0.2001548409461975,-0.021612077951431274,fist,RRQ_p2,RRQ
0.8324516415596008,0.4402545094490051,-6.06487219556584e-07,0.7525253295898438,0.42171621322631836,-0.03395245224237442,0.6928015947341919,0.3482755720615387,-0.04532419145107269,0.6749172806739807,0.25998303294181824,-0.055643726140260696,0.6796071529388428,0.18928146362304688,-0.05839615315198898,0.7081847190856934,0.22643250226974487,0.007191142532974482,0.7192509174346924,0.17316235601902008,-0.036453064531087875,0.7326615452766418,0.24367381632328033,-0.061887577176094055,0.7336599826812744,0.2986993193626404,-0.07123946398496628,0.7569399476051331,0.21626880764961243,0.00799602922052145,0.7666394114494324,0.1626461148262024,-0.040178071707487106,0.7742343544960022,0.2626088857650757,-0.0552300363779068,0.7658323049545288,0.31405508518218994,-0.05212467536330223,0.8026967644691467,0.22113879024982452,-0.00030898599652573466,0.8150846362113953,0.17246705293655396,-0.05043715238571167,0.81488436460495,0.26904845237731934,-0.042627401649951935,0.803239643573761,0.3187047839164734,-0.022252503782510757,0.8488996028900146,0.2398207038640976,-0.011332527734339237,0.8572336435317993,0.20220904052257538,-0.04337400943040848,0.8535028100013733,0.2734642028808594,-0.03312389552593231,0.8376703858375549,0.3142608404159546,-0.014996761456131935,fist,RRQ_p2,RRQ
0.6835097670555115,0.5146452784538269,-3.7799540564265044e-07,0.6418347358703613,0.5091560482978821,-0.012159574776887894,0.6034833788871765,0.4689059853553772,-0.01802610605955124,0.5848062634468079,0.42475470900535583,-0.024968251585960388,0.5810558199882507,0.38522636890411377,-0.028697336092591286,0.6085848808288574,0.40914541482925415,0.0005713356076739728,0.5997098684310913,0.3681596517562866,-0.021799273788928986,0.6103114485740662,0.4040117859840393,-0.03423294052481651,0.6179141402244568,0.4352233111858368,-0.038564492017030716,0.6345065832138062,0.40243616700172424,-0.0025764470919966698,0.6264476776123047,0.36164844036102295,-0.025216396898031235,0.6336432695388794,0.41235578060150146,-0.030531035736203194,0.6364386677742004,0.44411638379096985,-0.027653682976961136,0.6608786582946777,0.40306365489959717,-0.00966612808406353,0.6543153524398804,0.3687671422958374,-0.03226747363805771,0.6572632789611816,0.42016851902008057,-0.026912162080407143,0.6574613451957703,0.4502246081829071,-0.016401246190071106,0.6883107423782349,0.40959280729293823,-0.01775532029569149,0.6803423762321472,0.3862020969390869,-0.03129607066512108,0.6788536906242371,0.42161718010902405,-0.025397632271051407,0.6769431829452515,0.4448976516723633,-0.01662587933242321,fist,RRQ_p2,RRQ
0.727077841758728,0.5526595711708069,-3.5120402230859327e-07,0.691499650478363,0.5531616806983948,-0.009286666288971901,0.6528642177581787,0.5265846252441406,-0.013937164098024368,0.6292503476142883,0.49352383613586426,-0.020145460963249207,0.621436357498169,0.45858317613601685,-0.023618990555405617,0.6494799852371216,0.4728885591030121,0.004055174067616463,0.633519172668457,0.4395331144332886,-0.014666281640529633,0.6457650065422058,0.4694490432739258,-0.024843236431479454,0.6575318574905396,0.4931551218032837,-0.028050100430846214,0.6706655025482178,0.4624674916267395,0.0010528747225180268,0.6567625999450684,0.4288525879383087,-0.01829501800239086,0.6678207516670227,0.472120076417923,-0.022675655782222748,0.675367534160614,0.4968794286251068,-0.01954665593802929,0.6933814883232117,0.45758846402168274,-0.005453852005302906,0.6803306341171265,0.4305706024169922,-0.02525309845805168,0.6892399787902832,0.4751611351966858,-0.020364748314023018,0.6956696510314941,0.49917033314704895,-0.010465528815984726,0.7181280851364136,0.4567956328392029,-0.01264763344079256,0.703463613986969,0.4368650019168854,-0.02366918884217739,0.7069082856178284,0.46892622113227844,-0.017553502693772316,0.711184024810791,0.48886868357658386,-0.008992763236165047,fist,RRQ_p2,RRQ
0.8900749683380127,0.7686481475830078,-3.1116607601688884e-07,0.8540226221084595,0.7457152605056763,-0.014696690253913403,0.8277392387390137,0.6993553638458252,-0.021752899512648582,0.8212045431137085,0.6545284390449524,-0.02863227389752865,0.8255420327186584,0.6172281503677368,-0.03235597535967827,0.8381514549255371,0.6439809799194336,-0.002719421638175845,0.8445056676864624,0.611414909362793,-0.02654392644762993,0.8479408621788025,0.6444452404975891,-0.04065370559692383,0.8479629755020142,0.67473304271698,-0.04606625437736511,0.865387499332428,0.6463946104049683,-0.0044371443800628185,0.8725892901420593,0.6135660409927368,-0.027067922055721283,0.8707958459854126,0.6634808778762817,-0.032003652304410934,0.8667293787002563,0.6902626752853394,-0.029299862682819366,0.8908715844154358,0.6558852195739746,-0.010426384396851063,0.8968040943145752,0.628377377986908,-0.032635778188705444,0.8906295895576477,0.6751483678817749,-0.026681410148739815,0.8845885396003723,0.6975879073143005,-0.016361642628908157,0.9151245355606079,0.671902596950531,-0.01770627312362194,0.9155011177062988,0.6521788239479065,-0.0303142499178648,0.908645510673523,0.6841281056404114,-0.023342179134488106,0.9026269316673279,0.6999104619026184,-0.0141305448487401,fist,RRQ_p2,RRQ
0.6632604598999023,0.7926914691925049,-4.5347539412432525e-07,0.62349933385849,0.766594648361206,-0.007284809835255146,0.5933336615562439,0.7174204587936401,-0.011495048180222511,0.5780177116394043,0.6747556924819946,-0.0178802702575922,0.5737417936325073,0.6359661221504211,-0.02113032154738903,0.6158004403114319,0.6466369032859802,0.007150770165026188,0.592869222164154,0.621475100517273,-0.012505998834967613,0.5922574996948242,0.6622146964073181,-0.023351825773715973,0.6003466844558716,0.6869605183601379,-0.027544591575860977,0.6403177380561829,0.6459529399871826,0.002336508361622691,0.6137635707855225,0.6298863291740417,-0.01658080331981182,0.6121214032173157,0.6780392527580261,-0.019265832379460335,0.6204550862312317,0.6997590065002441,-0.016073942184448242,0.6645592451095581,0.6539055705070496,-0.006502175237983465,0.6358309388160706,0.6465116143226624,-0.02622869983315468,0.6344729661941528,0.6943782567977905,-0.01927117258310318,0.6427805423736572,0.7157946228981018,-0.009198248386383057,0.6883528828620911,0.6700459122657776,-0.01646185852587223,0.6595939993858337,0.6686659455299377,-0.028170479461550713,0.6544055342674255,0.7039629817008972,-0.022601811215281487,0.6608062982559204,0.7213733792304993,-0.014763016253709793,fist,RRQ_p2,RRQ
0.5172889828681946,0.652815580368042,-5.723036338167731e-07,0.46150708198547363,0.633151650428772,-0.005405610427260399,0.41868293285369873,0.5811482667922974,-0.008244703523814678,0.396437406539917,0.5348912477493286,-0.015004429966211319,0.3928779065608978,0.48853957653045654,-0.01853668875992298,0.4370737671852112,0.48800164461135864,0.020151231437921524,0.41089317202568054,0.4622339606285095,-0.0016015595756471157,0.41343092918395996,0.5098822116851807,-0.015469132922589779,0.42537522315979004,0.5427446365356445,-0.02079154923558235,0.4623589515686035,0.4809693992137909,0.013126306235790253,0.43241187930107117,0.46033725142478943,-0.009397314861416817,0.43550869822502136,0.5211886763572693,-0.015284594148397446,0.4483385384082794,0.5522332787513733,-0.011947105638682842,0.48924243450164795,0.48245853185653687,0.001196999684907496,0.4571805000305176,0.4697748124599457,-0.02283627912402153,0.46140775084495544,0.5321457982063293,-0.01589367538690567,0.47525402903556824,0.5626417994499207,-0.00303850369527936,0.5174019932746887,0.49404922127723694,-0.011724136769771576,0.4830511212348938,0.48414939641952515,-0.025520090013742447,0.4818727672100067,0.5307155847549438,-0.017315970733761787,0.49315643310546875,0.5549957156181335,-0.00576045410707593,fist,RRQ_p2,RRQ
0.5533862113952637,0.7900214791297913,3.541924513683625e-07,0.5043604969978333,0.7679740190505981,-0.018718330189585686,0.4684595465660095,0.7218867540359497,-0.030070248991250992,0.44476234912872314,0.6799141764640808,-0.03990904614329338,0.4165818691253662,0.6508812308311462,-0.04986289516091347,0.4871552288532257,0.6229181885719299,-0.018044833093881607,0.481141597032547,0.5555586218833923,-0.03354206308722496,0.4751009941101074,0.5155353546142578,-0.04700843617320061,0.46882328391075134,0.4796512722969055,-0.0572921559214592,0.5175642967224121,0.6160975694656372,-0.02192220836877823,0.5153526663780212,0.5414575934410095,-0.034591108560562134,0.5110760927200317,0.4958968758583069,-0.046902041882276535,0.5048615336418152,0.45605069398880005,-0.056646931916475296,0.5459889769554138,0.6259616613388062,-0.028468741104006767,0.549242377281189,0.5575804114341736,-0.042959604412317276,0.5487547516822815,0.5156047344207764,-0.05258871987462044,0.5449711084365845,0.47738656401634216,-0.0598970502614975,0.5730493068695068,0.6486937403678894,-0.03671699017286301,0.5847187638282776,0.5980634689331055,-0.05058537423610687,0.5915826559066772,0.5649766325950623,-0.05615667626261711,0.5951924920082092,0.5332207679748535,-0.059983331710100174,open_palm,RRQ_p2,RRQ
0.7594874501228333,0.804889976978302,3.7944931818856276e-07,0.7072599530220032,0.7690849304199219,-0.022876175120472908,0.6654535531997681,0.7130335569381714,-0.03457551449537277,0.6349708437919617,0.6645548343658447,-0.04466142877936363,0.6043246388435364,0.630905032157898,-0.05429474264383316,0.7018875479698181,0.6133164763450623,-0.013733274303376675,0.6907533407211304,0.5399470329284668,-0.028871221467852592,0.6834127902984619,0.49573126435279846,-0.042750563472509384,0.6774582266807556,0.4556163549423218,-0.05390215665102005,0.7384930849075317,0.605746328830719,-0.016491208225488663,0.7375638484954834,0.5237606167793274,-0.029471775516867638,0.7366078495979309,0.4725283980369568,-0.04298927262425423,0.7344560027122498,0.42645028233528137,-0.053603995591402054,0.7720978856086731,0.6165359616279602,-0.023105567321181297,0.7773207426071167,0.5416972637176514,-0.040396325290203094,0.7796860933303833,0.494215726852417,-0.05296631157398224,0.7792370319366455,0.45063701272010803,-0.061889126896858215,0.8030107617378235,0.6414934396743774,-0.031722184270620346,0.8213399648666382,0.5908076167106628,-0.04850269854068756,0.8329530358314514,0.5575745105743408,-0.056151315569877625,0.841464102268219,0.5244694948196411,-0.06134616583585739,open_palm,RRQ_p2,RRQ
0.7181328535079956,0.573526918888092,4.308268160002626e-07,0.6603111028671265,0.5492034554481506,-0.026225190609693527,0.6164547801017761,0.4872472584247589,-0.03767243027687073,0.5906987190246582,0.4283801019191742,-0.046671368181705475,0.5616841316223145,0.38736042380332947,-0.055435486137866974,0.649724543094635,0.3740352988243103,-0.02004646323621273,0.6362241506576538,0.29197943210601807,-0.03655995801091194,0.6290175318717957,0.24096648395061493,-0.05083813890814781,0.6247068047523499,0.19459392130374908,-0.06224798038601875,0.6899811625480652,0.36237242817878723,-0.022035546600818634,0.6878084540367126,0.27013760805130005,-0.03637496009469032,0.6865550875663757,0.21052882075309753,-0.05101560801267624,0.6852808594703674,0.15708909928798676,-0.06262794137001038,0.7265602350234985,0.3716687858104706,-0.027863314375281334,0.7321284413337708,0.2867063283920288,-0.0470883846282959,0.7344536781311035,0.2323305904865265,-0.061682913452386856,0.7342772483825684,0.18121637403964996,-0.07227671891450882,0.7605722546577454,0.3956787586212158,-0.03581159561872482,0.7818188071250916,0.33713027834892273,-0.05538228899240494,0.7961450815200806,0.2989474833011627,-0.06487845629453659,0.8067600131034851,0.26040276885032654,-0.07139139622449875,open_palm,RRQ_p2,RRQ
0.36220023036003113,0.6040916442871094,3.7630658766829583e-07,0.41048288345336914,0.5778182744979858,-0.025702139362692833,0.44488126039505005,0.5282829999923706,-0.03648732602596283,0.4729209542274475,0.4804045259952545,-0.04563934728503227,0.5046366453170776,0.45625007152557373,-0.05417575687170029,0.418221652507782,0.42345157265663147,-0.015487146563827991,0.43698886036872864,0.35829418897628784,-0.029104890301823616,0.4446471929550171,0.3146069645881653,-0.042280182242393494,0.44861724972724915,0.27519017457962036,-0.052725907415151596,0.3865547180175781,0.41115444898605347,-0.014724250882863998,0.392017126083374,0.3322999179363251,-0.025729497894644737,0.3919263780117035,0.2814403772354126,-0.03699256107211113,0.3899122178554535,0.2377835065126419,-0.04541796073317528,0.35617488622665405,0.4186278283596039,-0.017425743862986565,0.3545691967010498,0.34863728284835815,-0.029640359804034233,0.3540208339691162,0.3043443262577057,-0.03955688700079918,0.35384422540664673,0.26514047384262085,-0.046505291014909744,0.326302170753479,0.4419313669204712,-0.02296091429889202,0.3109411299228668,0.3961629867553711,-0.035289082676172256,0.30137109756469727,0.36392804980278015,-0.040878504514694214,0.2939257025718689,0.33264532685279846,-0.04412580654025078,open_palm,RRQ_p2,RRQ
0.19906830787658691,0.49438029527664185,4.350904134753364e-07,0.24546270072460175,0.46891117095947266,-0.03372381255030632,0.28106245398521423,0.42406320571899414,-0.04892844706773758,0.30875644087791443,0.37295809388160706,-0.06101873517036438,0.3397236764431,0.34004274010658264,-0.07194514572620392,0.2597852647304535,0.304084837436676,-0.02216368354856968,0.2843935787677765,0.23642486333847046,-0.0383136011660099,0.293442040681839,0.18829894065856934,-0.05341125652194023,0.2984829545021057,0.1451396644115448,-0.06492865830659866,0.22679530084133148,0.28721803426742554,-0.017731808125972748,0.23391564190387726,0.2023274302482605,-0.030088206753134727,0.2330268770456314,0.1468425840139389,-0.04182334989309311,0.2310175746679306,0.09906764328479767,-0.05049504339694977,0.19488213956356049,0.2913093864917755,-0.017438754439353943,0.19166167080402374,0.21654361486434937,-0.02993672527372837,0.1894170194864273,0.1675817370414734,-0.0396137535572052,0.18843621015548706,0.12468160688877106,-0.04661071300506592,0.16308289766311646,0.31253114342689514,-0.020863499492406845,0.14650237560272217,0.2620132863521576,-0.033591579645872116,0.13576757907867432,0.22584475576877594,-0.03937281668186188,0.12795327603816986,0.1907637119293213,-0.04258124157786369,open_palm,RRQ_p2,RRQ
0.23197156190872192,0.9341319799423218,3.9206764768096036e-07,0.2721811532974243,0.9055286049842834,-0.036724310368299484,0.3022441864013672,0.8614517450332642,-0.05485916510224342,0.324116587638855,0.8132956027984619,-0.06935838609933853,0.34882715344429016,0.7706277370452881,-0.08267001062631607,0.27263888716697693,0.7511053681373596,-0.02822546847164631,0.2849472463130951,0.6855230927467346,-0.0462418869137764,0.28726673126220703,0.6408594846725464,-0.06233061105012894,0.2866910398006439,0.5992200374603271,-0.07486435770988464,0.23972252011299133,0.7417173385620117,-0.02307635173201561,0.2368183583021164,0.6669018268585205,-0.037921011447906494,0.22905591130256653,0.6191033720970154,-0.051725246012210846,0.22018618881702423,0.5766699910163879,-0.06223171576857567,0.20998507738113403,0.7533774375915527,-0.022096138447523117,0.20040564239025116,0.6891832947731018,-0.03777969256043434,0.1919909566640854,0.6464951634407043,-0.049300260841846466,0.18473879992961884,0.6069925427436829,-0.057505495846271515,0.18242159485816956,0.7807657718658447,-0.02472388744354248,0.1621648222208023,0.737177312374115,-0.04081301391124725,0.14711955189704895,0.7067044973373413,-0.048657432198524475,0.13356196880340576,0.6769762635231018,-0.05330498889088631,open_palm,RRQ_p2,RRQ
0.2433234304189682,0.9351182579994202,3.904731897819147e-07,0.2852250933647156,0.9075910449028015,-0.03334954008460045,0.31777870655059814,0.8646414875984192,-0.049737561494112015,0.3400196433067322,0.8165373802185059,-0.06337925791740417,0.36556655168533325,0.7775524854660034,-0.07591278105974197,0.2875645160675049,0.7561174035072327,-0.023048656061291695,0.30042970180511475,0.6906107068061829,-0.03997291252017021,0.30428260564804077,0.6464890241622925,-0.055460475385189056,0.30537521839141846,0.6048656702041626,-0.06751999258995056,0.2548990845680237,0.7462500333786011,-0.01932310312986374,0.2536712884902954,0.6727837324142456,-0.03315318748354912,0.2468111366033554,0.6250819563865662,-0.046592630445957184,0.23912709951400757,0.5816173553466797,-0.056973960250616074,0.2246430218219757,0.756385862827301,-0.01968785561621189,0.21689914166927338,0.6926174163818359,-0.0343690924346447,0.20908407866954803,0.6503614187240601,-0.04552876949310303,0.20212030410766602,0.6111465692520142,-0.053582362830638885,0.19571641087532043,0.7816030979156494,-0.023471267893910408,0.1771664172410965,0.7380249500274658,-0.03828282281756401,0.16318798065185547,0.7084766030311584,-0.04536377638578415,0.15034201741218567,0.6795000433921814,-0.0496339350938797,open_palm,RRQ_p2,RRQ
0.31209391355514526,0.6846052408218384,4.5293893435882637e-07,0.3665694296360016,0.6383234262466431,-0.030661610886454582,0.40312716364860535,0.5696097016334534,-0.04461033642292023,0.42881861329078674,0.5049774646759033,-0.056728895753622055,0.4571765661239624,0.4574715793132782,-0.06831064820289612,0.3615451455116272,0.456439346075058,-0.022855758666992188,0.37456607818603516,0.3705223798751831,-0.042736396193504333,0.37844714522361755,0.3141170144081116,-0.060258593410253525,0.3785005509853363,0.2631092667579651,-0.07360661029815674,0.32030850648880005,0.44942131638526917,-0.023320095613598824,0.3168466091156006,0.3512028455734253,-0.04008137434720993,0.3104623556137085,0.28752008080482483,-0.055944304913282394,0.3025965392589569,0.23215895891189575,-0.06770859658718109,0.2831820547580719,0.46558016538619995,-0.02778414450585842,0.2717653810977936,0.3810722827911377,-0.04543916881084442,0.26329296827316284,0.3224022686481476,-0.05863076075911522,0.2563028335571289,0.2682926058769226,-0.067960724234581,0.2481645792722702,0.5001765489578247,-0.03543223813176155,0.22676123678684235,0.44392600655555725,-0.05263649299740791,0.21244938671588898,0.4046359062194824,-0.0599217489361763,0.20061101019382477,0.36506229639053345,-0.06418797373771667,open_palm,RRQ_p2,RRQ
0.5214069485664368,0.5652523040771484,3.8264522572717397e-07,0.5707301497459412,0.5286133289337158,-0.02362794615328312,0.6072537899017334,0.4714726507663727,-0.034114278852939606,0.632547914981842,0.41952142119407654,-0.04357251897454262,0.6607128977775574,0.38213443756103516,-0.0522986464202404,0.5783629417419434,0.37213507294654846,-0.011092765256762505,0.5934546589851379,0.3038514256477356,-0.026165500283241272,0.6008570790290833,0.26063162088394165,-0.04070863872766495,0.6064990758895874,0.22143371403217316,-0.05142431706190109,0.5455795526504517,0.3628930449485779,-0.0117365512996912,0.5519484281539917,0.28348514437675476,-0.02335674874484539,0.554074764251709,0.23143140971660614,-0.035743989050388336,0.5550254583358765,0.18546804785728455,-0.044901877641677856,0.5146461725234985,0.3733408749103546,-0.01613335870206356,0.51263827085495,0.3016476035118103,-0.02796262316405773,0.5131994485855103,0.2568846344947815,-0.03675157204270363,0.5151305198669434,0.21576017141342163,-0.043080784380435944,0.4848637580871582,0.398273766040802,-0.02337925136089325,0.47592082619667053,0.3494727313518524,-0.03423381969332695,0.47211551666259766,0.3151441812515259,-0.038320258259773254,0.47027480602264404,0.28093287348747253,-0.04072362184524536,open_palm,RRQ_p2,RRQ
0.708916187286377,0.6076378226280212,2.994655119437084e-07,0.7559210062026978,0.5850130915641785,-0.016098055988550186,0.7897442579269409,0.5398300886154175,-0.02377903275191784,0.8164067268371582,0.5004919767379761,-0.031605400145053864,0.841399073600769,0.4735966920852661,-0.039308611303567886,0.7732029557228088,0.447753369808197,-0.008424683474004269,0.7907389402389526,0.3900075852870941,-0.020987143740057945,0.80178302526474,0.3559805750846863,-0.03321235254406929,0.8116744160652161,0.3247063159942627,-0.04252185299992561,0.7480295300483704,0.4382276237010956,-0.011850757524371147,0.7592839002609253,0.3704753816127777,-0.021709421649575233,0.768008291721344,0.32745450735092163,-0.03240612894296646,0.7757642269134521,0.2896811366081238,-0.0407724566757679,0.7225337624549866,0.44612354040145874,-0.01811479590833187,0.7280718684196472,0.3839051127433777,-0.028619371354579926,0.734757125377655,0.3456820845603943,-0.036689773201942444,0.7424481511116028,0.311073362827301,-0.04280339553952217,0.6963781714439392,0.46689748764038086,-0.02639339305460453,0.6946276426315308,0.4222975969314575,-0.03691904619336128,0.6954885125160217,0.3911682963371277,-0.04125665873289108,0.697668731212616,0.3622114062309265,-0.044110238552093506,open_palm,RRQ_p2,RRQ
0.4350314438343048,0.8401569128036499,3.1403126854456787e-07,0.47938084602355957,0.8087986707687378,-0.02271796576678753,0.5101659893989563,0.7572280764579773,-0.03197050839662552,0.5295606851577759,0.709519624710083,-0.03991949185729027,0.5509663820266724,0.6747364401817322,-0.04678461700677872,0.4829350411891937,0.667017936706543,-0.010742506943643093,0.4941876530647278,0.6038967370986938,-0.02221744693815708,0.4979363679885864,0.5647375583648682,-0.03388282284140587,0.49877676367759705,0.5291973948478699,-0.04280560091137886,0.45184797048568726,0.6607185006141663,-0.009830842725932598,0.4522022306919098,0.5909527540206909,-0.01795610971748829,0.44947052001953125,0.547137439250946,-0.027919357642531395,0.4452020525932312,0.5095837712287903,-0.03564593195915222,0.42345935106277466,0.6708073019981384,-0.01219337247312069,0.4185888469219208,0.610298752784729,-0.020622866228222847,0.41440606117248535,0.5722124576568604,-0.027927938848733902,0.41052544116973877,0.537943959236145,-0.03359884396195412,0.3967360258102417,0.694477915763855,-0.01728735864162445,0.3842148184776306,0.653640866279602,-0.025891557335853577,0.3752099871635437,0.6267091631889343,-0.02915390022099018,0.367365300655365,0.6008767485618591,-0.0309758223593235,open_palm,RRQ_p2,RRQ
0.24184048175811768,0.9430792927742004,3.821996585884335e-07,0.28546467423439026,0.9145756959915161,-0.0325457826256752,0.3208391070365906,0.8680301308631897,-0.048586953431367874,0.3455757200717926,0.820387601852417,-0.062061455100774765,0.3729541301727295,0.7813836932182312,-0.07450830191373825,0.29815417528152466,0.7567466497421265,-0.022438261657953262,0.3125624656677246,0.6904917359352112,-0.03961806371808052,0.317415714263916,0.6470922231674194,-0.05581314116716385,0.31966689229011536,0.6057868003845215,-0.06833715736865997,0.26297399401664734,0.7451961040496826,-0.019939085468649864,0.26538509130477905,0.6686767339706421,-0.03308127447962761,0.2617943584918976,0.6199899911880493,-0.046818628907203674,0.2568219304084778,0.5766265988349915,-0.057523369789123535,0.2295539230108261,0.7550790309906006,-0.02151923067867756,0.2256762683391571,0.6871808767318726,-0.03511311858892441,0.22049641609191895,0.6435492634773254,-0.046335019171237946,0.21596595644950867,0.6029167771339417,-0.05487797409296036,0.19766363501548767,0.781806230545044,-0.026520805433392525,0.18174168467521667,0.7360544204711914,-0.040343865752220154,0.169014111161232,0.7064628601074219,-0.046611953526735306,0.15698592364788055,0.6773793697357178,-0.05053064599633217,open_palm,RRQ_p2,RRQ
0.6081040501594543,0.8744786977767944,3.4944574167639075e-07,0.5564802885055542,0.8539366126060486,-0.01964406482875347,0.5145794749259949,0.8027724623680115,-0.030690597370266914,0.48512187600135803,0.7567495107650757,-0.04039854183793068,0.45528990030288696,0.7213982939720154,-0.04996412992477417,0.5342734456062317,0.7037317752838135,-0.018804939463734627,0.5214403867721558,0.6345080137252808,-0.03537583723664284,0.5101801156997681,0.5948390960693359,-0.048623036593198776,0.4988148510456085,0.5586115717887878,-0.05927267670631409,0.568838894367218,0.6969674825668335,-0.02357589825987816,0.5617498755455017,0.6224822998046875,-0.03903291001915932,0.5555489659309387,0.5757767558097839,-0.05316062271595001,0.5480269193649292,0.533251166343689,-0.06392060965299606,0.6018849611282349,0.7090814113616943,-0.03125399723649025,0.6034942865371704,0.6381937861442566,-0.052029743790626526,0.6035588383674622,0.5927742719650269,-0.06646102666854858,0.599941074848175,0.5491525530815125,-0.07625703513622284,0.6337706446647644,0.7355871200561523,-0.04004174843430519,0.6529411673545837,0.686153769493103,-0.06229566037654877,0.6641870737075806,0.6519367098808289,-0.07350530475378036,0.6702444553375244,0.617124080657959,-0.08048707246780396,open_palm,RRQ_p2,RRQ
0.8467116951942444,0.8558759093284607,3.5198308978579007e-07,0.7965158820152283,0.8277709484100342,-0.020859098061919212,0.7578655481338501,0.7726202607154846,-0.029443753883242607,0.7364763617515564,0.7214303016662598,-0.036343734711408615,0.7143493294715881,0.6811105012893677,-0.042532432824373245,0.7804766893386841,0.6774498224258423,-0.012109462171792984,0.7674253582954407,0.6085684895515442,-0.0262184776365757,0.7606097459793091,0.5666295289993286,-0.038548339158296585,0.7560120224952698,0.5284810066223145,-0.048292938619852066,0.8158251047134399,0.6667078137397766,-0.014263651333749294,0.810295045375824,0.5913554430007935,-0.026152299717068672,0.8086488842964172,0.5444564819335938,-0.03861507400870323,0.8078863024711609,0.5023229122161865,-0.04822055250406265,0.848969042301178,0.6742007732391357,-0.019947364926338196,0.849722146987915,0.6047250032424927,-0.03672515228390694,0.852279007434845,0.5602708458900452,-0.04935731366276741,0.854222297668457,0.5191760063171387,-0.058217260986566544,0.8808353543281555,0.6953292489051819,-0.027408145368099213,0.8977751135826111,0.6489320397377014,-0.04571706801652908,0.9112681746482849,0.6181432008743286,-0.054834697395563126,0.9229540824890137,0.587899923324585,-0.060458771884441376,open_palm,RRQ_p2,RRQ
0.6749269962310791,0.8609218597412109,2.518852397770388e-07,0.6253542304039001,0.8366672992706299,-0.01574810966849327,0.5902440547943115,0.7889169454574585,-0.0229327492415905,0.5696172118186951,0.7424531579017639,-0.029519377276301384,0.5496332049369812,0.7044620513916016,-0.035279132425785065,0.6090337634086609,0.7018965482711792,-0.004471917171031237,0.5967411398887634,0.6416435241699219,-0.016148829832673073,0.5891205668449402,0.606868326663971,-0.027748409658670425,0.5818610191345215,0.57451331615448,-0.037182215601205826,0.6375877857208252,0.693146824836731,-0.007865512743592262,0.627263069152832,0.6275424957275391,-0.017958832904696465,0.6201274991035461,0.5884515643119812,-0.029371071606874466,0.6122440099716187,0.5529612302780151,-0.03838520124554634,0.6659508347511292,0.6991042494773865,-0.014499097131192684,0.6609113216400146,0.6371931433677673,-0.027191339060664177,0.6568337082862854,0.598960816860199,-0.036416202783584595,0.6505682468414307,0.5638342499732971,-0.043295349925756454,0.6943503022193909,0.7169021964073181,-0.02282608114182949,0.6991475820541382,0.6693002581596375,-0.03562476113438606,0.699710488319397,0.6369360089302063,-0.04174859821796417,0.6974198818206787,0.605800211429596,-0.045954279601573944,open_palm,RRQ_p2,RRQ
0.6761786341667175,0.8853036761283875,-3.161921995342709e-07,0.6418959498405457,0.8140960335731506,-0.015719393268227577,0.6260836124420166,0.7371168732643127,-0.02363712154328823,0.6167882680892944,0.6816880702972412,-0.029714858159422874,0.6077163219451904,0.6348652243614197,-0.032316163182258606,0.6811357140541077,0.706027090549469,-0.016737530007958412,0.6155303120613098,0.7270731329917908,-0.03703718259930611,0.6193187832832336,0.7576508522033691,-0.04880955070257187,0.6393739581108093,0.7601532340049744,-0.05501895025372505,0.6990790367126465,0.7412235140800476,-0.019024280831217766,0.6238135695457458,0.7732957005500793,-0.03528483211994171,0.6333430409431458,0.7928720116615295,-0.038549404591321945,0.6529267430305481,0.7914794683456421,-0.04016200453042984,0.7080772519111633,0.7857943773269653,-0.024351172149181366,0.6371398568153381,0.8148373365402222,-0.0408201590180397,0.6475686430931091,0.8293582201004028,-0.03763687238097191,0.6668300628662109,0.8283475637435913,-0.0333523266017437,0.7107930183410645,0.8323482275009155,-0.03151632100343704,0.6565691232681274,0.8504412174224854,-0.04315008595585823,0.6622776985168457,0.858493447303772,-0.042403802275657654,0.679816484451294,0.8577593564987183,-0.03918156027793884,thumbs_up,RRQ_p2,RRQ
0.8191660642623901,0.8468106985092163,-5.366500772652216e-07,0.7957496643066406,0.777681291103363,-0.022302784025669098,0.791956901550293,0.7054215669631958,-0.03597690537571907,0.7876811623573303,0.6509612798690796,-0.048003360629081726,0.7776302695274353,0.6039958000183105,-0.05673958733677864,0.8794151544570923,0.679460883140564,-0.017195383086800575,0.8417640924453735,0.6762455105781555,-0.040337301790714264,0.8155905604362488,0.708016574382782,-0.05556061863899231,0.8150291442871094,0.7238779664039612,-0.06487520039081573,0.9046481251716614,0.7143668532371521,-0.017622778192162514,0.8527116775512695,0.7191845178604126,-0.03631146624684334,0.8221203684806824,0.7445015907287598,-0.04220686852931976,0.8255521059036255,0.7520305514335632,-0.04520568996667862,0.914861261844635,0.7606178522109985,-0.02184053137898445,0.8612736463546753,0.7664130330085754,-0.04145535081624985,0.8333698511123657,0.7824244499206543,-0.0374930314719677,0.8376343250274658,0.7852542400360107,-0.03264511749148369,0.9167341589927673,0.806546151638031,-0.028587637469172478,0.8753656148910522,0.8082193732261658,-0.04079262912273407,0.8533567190170288,0.8159531950950623,-0.03699376434087753,0.8541632294654846,0.8189061880111694,-0.031899649649858475,thumbs_up,RRQ_p2,RRQ
0.8179618120193481,0.8429319858551025,-5.64626930099621e-07,0.7953036427497864,0.7764270305633545,-0.02077568881213665,0.7911781668663025,0.7051417827606201,-0.03408007696270943,0.7884802222251892,0.6503335237503052,-0.045775704085826874,0.7788499593734741,0.6037213802337646,-0.054464031010866165,0.8791470527648926,0.6807483434677124,-0.018233515322208405,0.8392121195793152,0.6788780689239502,-0.038494568318128586,0.8136806488037109,0.7090985178947449,-0.05161096155643463,0.8121264576911926,0.7249479293823242,-0.05981231480836868,0.9030989408493042,0.7149267196655273,-0.01898367702960968,0.8492072820663452,0.7212995886802673,-0.034442752599716187,0.8199713826179504,0.7438521981239319,-0.039877910166978836,0.8212446570396423,0.751451849937439,-0.04359481856226921,0.9128586053848267,0.7600564956665039,-0.022762401029467583,0.857405960559845,0.7647698521614075,-0.039898619055747986,0.8301172852516174,0.7801446914672852,-0.03664163500070572,0.8311532735824585,0.7846858501434326,-0.03313107788562775,0.9149492383003235,0.805596113204956,-0.028902972117066383,0.8726661205291748,0.8040339350700378,-0.040501341223716736,0.8495150208473206,0.8113930225372314,-0.03698865696787834,0.8456099629402161,0.8154969215393066,-0.03233814239501953,thumbs_up,RRQ_p2,RRQ
0.773989737033844,0.6354728937149048,-5.175383535060973e-07,0.7526713013648987,0.5443643927574158,-0.018569016829133034,0.7581145763397217,0.4698300063610077,-0.03143885359168053,0.7607130408287048,0.41431546211242676,-0.042797695845365524,0.7536739110946655,0.36364442110061646,-0.05123131722211838,0.8519134521484375,0.4600956439971924,-0.01755419373512268,0.7986672520637512,0.43021857738494873,-0.040003299713134766,0.7708049416542053,0.46024858951568604,-0.05463714897632599,0.7659604549407959,0.48614513874053955,-0.06315033882856369,0.8673245310783386,0.4980926811695099,-0.019438376650214195,0.7964216470718384,0.4745176136493683,-0.03866484761238098,0.7688339948654175,0.503524661064148,-0.04449651762843132,0.7715438008308411,0.5251926779747009,-0.04761943593621254,0.8658939003944397,0.5437241196632385,-0.024447917938232422,0.7963237166404724,0.5209897756576538,-0.04263625666499138,0.7739058136940002,0.5412388443946838,-0.038178570568561554,0.7797329425811768,0.5577935576438904,-0.033674631267786026,0.854570746421814,0.5876359343528748,-0.03163309022784233,0.7994246482849121,0.5653926134109497,-0.044306326657533646,0.7804853320121765,0.5743549466133118,-0.04113432765007019,0.7843542098999023,0.5866514444351196,-0.03634899482131004,thumbs_up,RRQ_p2,RRQ
0.343069851398468,0.5339154601097107,-2.1495773694368836e-07,0.35711678862571716,0.4543978273868561,-0.017841966822743416,0.3524300158023834,0.38947081565856934,-0.033679038286209106,0.35079264640808105,0.33670905232429504,-0.04940174147486687,0.3535914421081543,0.2834731638431549,-0.06218475475907326,0.26342764496803284,0.37660419940948486,-0.02285568229854107,0.3023029863834381,0.3521009087562561,-0.04695277288556099,0.3263281285762787,0.37712007761001587,-0.06153498962521553,0.32534635066986084,0.3952546715736389,-0.07165475189685822,0.2492605596780777,0.4166022837162018,-0.02671065367758274,0.30919867753982544,0.39847826957702637,-0.049635302275419235,0.33422648906707764,0.42192262411117554,-0.0576731376349926,0.32819440960884094,0.4359670877456665,-0.0629471093416214,0.2504541277885437,0.46170574426651,-0.03326735273003578,0.31446167826652527,0.4471561908721924,-0.053781658411026,0.3350192606449127,0.46374696493148804,-0.053508710116147995,0.3251529932022095,0.4731924831867218,-0.052460186183452606,0.2605077922344208,0.5052785277366638,-0.041995204985141754,0.3117230236530304,0.49398744106292725,-0.05558842420578003,0.3266928195953369,0.49782994389533997,-0.05637046694755554,0.3174525499343872,0.5018951892852783,-0.05560293048620224,thumbs_up,RRQ_p2,RRQ
0.45746493339538574,0.8678555488586426,-2.0992202109937352e-07,0.48391398787498474,0.800865650177002,-0.013529469259083271,0.4837728440761566,0.7267540097236633,-0.022078201174736023,0.4774566888809204,0.6750742793083191,-0.030034132301807404,0.47404351830482483,0.6267728805541992,-0.036614589393138885,0.4207027554512024,0.7028799653053284,-0.022856714203953743,0.47331392765045166,0.7207900881767273,-0.04662852734327316,0.48056405782699585,0.7471440434455872,-0.06228785961866379,0.4664185643196106,0.7492830753326416,-0.07317192107439041,0.3993392586708069,0.7407782673835754,-0.02632870525121689,0.46852347254753113,0.7655980587005615,-0.046040404587984085,0.4729897975921631,0.784986138343811,-0.053715821355581284,0.4588853418827057,0.7849428653717041,-0.060574546456336975,0.3898215889930725,0.7853425741195679,-0.031907834112644196,0.45549872517585754,0.8077557682991028,-0.04979602247476578,0.461650013923645,0.8227015137672424,-0.0495799258351326,0.4487607777118683,0.8215885162353516,-0.05002138018608093,0.38874173164367676,0.8299056887626648,-0.0393865741789341,0.4419257938861847,0.8435099720954895,-0.05385129153728485,0.4472745954990387,0.8505632281303406,-0.05674079805612564,0.4343413710594177,0.848998486995697,-0.05796460062265396,thumbs_up,RRQ_p2,RRQ
0.43842753767967224,0.8851099014282227,-2.1421952567379776e-07,0.4735875427722931,0.8365474343299866,-0.026054268702864647,0.4910461902618408,0.7594442367553711,-0.036766085773706436,0.5000314712524414,0.7030183672904968,-0.04407681152224541,0.5161650776863098,0.6621509790420532,-0.04601411521434784,0.43703681230545044,0.689671516418457,-0.014090580865740776,0.4422895312309265,0.6929605603218079,-0.03335641697049141,0.45358797907829285,0.7401260733604431,-0.04188257455825806,0.4452151954174042,0.7424578666687012,-0.047017596662044525,0.40146568417549133,0.7045966386795044,-0.009976550005376339,0.4116570055484772,0.7245935797691345,-0.027973966673016548,0.43423688411712646,0.7717468738555908,-0.029750889167189598,0.4277263879776001,0.7598622441291809,-0.02817147597670555,0.37469425797462463,0.7355455160140991,-0.01031416840851307,0.3892368674278259,0.7625737190246582,-0.028015416115522385,0.41314002871513367,0.7967010140419006,-0.02083447575569153,0.4086279273033142,0.7839854955673218,-0.013546712696552277,0.3551368713378906,0.7682719826698303,-0.013469509780406952,0.3687191903591156,0.7933162450790405,-0.023025644943118095,0.38882240653038025,0.8154399991035461,-0.017476188018918037,0.3870585262775421,0.8088499903678894,-0.010996950790286064,thumbs_up,RRQ_p2,RRQ
0.2708143889904022,0.8126459121704102,-2.5710176032589516e-07,0.2792699635028839,0.741513729095459,-0.0229401383548975,0.25862860679626465,0.6750490665435791,-0.036420006304979324,0.2385992556810379,0.6274954676628113,-0.04797883331775665,0.2308449000120163,0.5816128253936768,-0.05501873791217804,0.17267051339149475,0.678137481212616,-0.015873685479164124,0.19276496767997742,0.6705567836761475,-0.03816424310207367,0.2202780395746231,0.692150354385376,-0.04915086552500725,0.21354088187217712,0.7031685709953308,-0.05606390908360481,0.15559279918670654,0.7208189368247986,-0.014859947375953197,0.19080212712287903,0.7169157862663269,-0.034511104226112366,0.225070983171463,0.7293939590454102,-0.03728428855538368,0.21024250984191895,0.7289091348648071,-0.03732466697692871,0.153108611702919,0.7660034894943237,-0.017906030640006065,0.19308356940746307,0.7628369927406311,-0.0366370715200901,0.22183029353618622,0.7678796052932739,-0.030018435791134834,0.20732346177101135,0.7681877613067627,-0.023923255503177643,0.1579495072364807,0.80661541223526,-0.02379751019179821,0.1922159343957901,0.8050912022590637,-0.03574085608124733,0.21478191018104553,0.8040384650230408,-0.03244518116116524,0.2069144994020462,0.8052056431770325,-0.027790896594524384,thumbs_up,RRQ_p2,RRQ
0.3329840898513794,0.679573655128479,-2.1683571560515702e-07,0.34355103969573975,0.6162849068641663,-0.010790199041366577,0.33384424448013306,0.5570770502090454,-0.018682699650526047,0.32652366161346436,0.5128844976425171,-0.027331359684467316,0.32639285922050476,0.47226595878601074,-0.03410816937685013,0.2632599472999573,0.5505748987197876,-0.00891699269413948,0.2911815941333771,0.5304387807846069,-0.02673282101750374,0.3127153813838959,0.552381157875061,-0.03872428834438324,0.31534871459007263,0.5692461133003235,-0.045786052942276,0.2480640709400177,0.5822724103927612,-0.011675512418150902,0.2910184860229492,0.5663887858390808,-0.027416517958045006,0.3133327066898346,0.5862915515899658,-0.03346121683716774,0.31218376755714417,0.5997750163078308,-0.03627203777432442,0.2431955188512802,0.6174474954605103,-0.016707202419638634,0.2899392545223236,0.6046139597892761,-0.030970457941293716,0.30941882729530334,0.6205224394798279,-0.030562683939933777,0.30541735887527466,0.6308296918869019,-0.028474880382418633,0.24484731256961823,0.6524963974952698,-0.023213056847453117,0.2808033227920532,0.6390048265457153,-0.031122451648116112,0.2977452278137207,0.6451509594917297,-0.029374264180660248,0.29693639278411865,0.6516996026039124,-0.026296276599168777,thumbs_up,RRQ_p2,RRQ
0.3306313753128052,0.6793801188468933,-2.793918554289121e-07,0.3517427146434784,0.5958532094955444,-0.023140227422118187,0.3470047116279602,0.5181547403335571,-0.03879760205745697,0.3448030948638916,0.4623410105705261,-0.052932869642972946,0.3425391614437103,0.40692347288131714,-0.0644991546869278,0.26221197843551636,0.5201126933097839,-0.03621583804488182,0.32058924436569214,0.5229359865188599,-0.06259661912918091,0.3410080671310425,0.5489374995231628,-0.07893254607915878,0.33284035325050354,0.5583198070526123,-0.09073943644762039,0.24692648649215698,0.5744687914848328,-0.03844558447599411,0.3307741582393646,0.5784578919410706,-0.060038406401872635,0.34329214692115784,0.596763014793396,-0.0674319639801979,0.3280619978904724,0.6003751158714294,-0.07515238225460052,0.24936825037002563,0.6303629875183105,-0.04315812140703201,0.3316144347190857,0.6295962929725647,-0.060591209679841995,0.3380030691623688,0.6408291459083557,-0.056437112390995026,0.31848374009132385,0.6416871547698975,-0.055826351046562195,0.25971534848213196,0.6828877925872803,-0.05121700093150139,0.3230384588241577,0.677257776260376,-0.0657702088356018,0.3308752477169037,0.6761550903320312,-0.06562597304582596,0.31515952944755554,0.6743484735488892,-0.06535296142101288,thumbs_up,RRQ_p2,RRQ
